
tensor([-1.0054e+00,  1.3145e-03,  0.0000e+00,  1.0044e+00, -4.0129e-03,
         0.0000e+00,  9.4849e-04,  2.6984e-03,  0.0000e+00,  3.5066e-01,
         5.3523e-01,  0.0000e+00,  3.4641e-01,  5.3970e-01,  0.0000e+00,
        -6.9706e-01, -1.0749e+00,  0.0000e+00,  3.5001e+01,  3.5001e+01,
         3.5001e+01], device='cuda:0', grad_fn=<AddBackward0>)
tensor([-9.9995e-01, -1.2170e-04,  0.0000e+00,  1.0006e+00, -2.0728e-04,
         0.0000e+00, -6.3271e-04,  3.2898e-04,  0.0000e+00,  3.4717e-01,
         5.3244e-01,  0.0000e+00,  3.4727e-01,  5.3343e-01,  0.0000e+00,
        -6.9444e-01, -1.0659e+00,  0.0000e+00,  3.5001e+01,  3.5001e+01,
         3.5001e+01], device='cuda:0', grad_fn=<AddBackward0>)
tensor([-1.0006e+00, -2.0543e-04,  0.0000e+00,  1.0027e+00, -7.7789e-04,
         0.0000e+00, -2.0252e-03,  9.8332e-04,  0.0000e+00,  3.4761e-01,
         5.3278e-01,  0.0000e+00,  3.4802e-01,  5.3538e-01,  0.0000e+00,
        -6.9563e-01, -1.0682e+00,  0.0000e+00,  3.5007e+01,  3.5007e+01,
         3.5007e+01], device='cuda:0', grad_fn=<AddBackward0>)

100, .00001:
tensor([-1.0010e+00, -4.0977e-03,  0.0000e+00,  1.0101e+00,  4.5474e-03,
         0.0000e+00, -9.0220e-03, -4.4967e-04,  0.0000e+00,  3.4763e-01,
         5.3669e-01,  0.0000e+00,  3.5548e-01,  5.3412e-01,  0.0000e+00,
        -7.0312e-01, -1.0708e+00,  0.0000e+00,  3.5070e+01,  3.5070e+01,
         3.5070e+01], device='cuda:0', grad_fn=<AddBackward0>)
5. 1e-05: 
tensor([-1.0002e+00, -1.8846e-04,  0.0000e+00,  1.0015e+00, -5.0960e-04,
         0.0000e+00, -1.3070e-03,  6.9806e-04,  0.0000e+00,  3.4735e-01,
         5.3239e-01,  0.0000e+00,  3.4753e-01,  5.3438e-01,  0.0000e+00,
        -6.9488e-01, -1.0668e+00,  0.0000e+00,  3.5000e+01,  3.5000e+01,
         3.5000e+01], device='cuda:0', grad_fn=<AddBackward0>)
100. 1e-07: 
tensor([-1.0000e+00, -5.5892e-05,  0.0000e+00,  1.0003e+00, -1.1525e-04,
         0.0000e+00, -3.1426e-04,  1.7114e-04,  0.0000e+00,  3.4715e-01,
         5.3260e-01,  0.0000e+00,  3.4719e-01,  5.3310e-01,  0.0000e+00,
        -6.9434e-01, -1.0657e+00,  0.0000e+00,  3.5000e+01,  3.5000e+01,
         3.5000e+01], device='cuda:0', grad_fn=<AddBackward0>)
Index: 1051

tensor(0.0061, device='cuda:0', grad_fn=<MseLossBackward0>)
tensor([-0.0575,  0.0448,  0.0000,  0.0876, -0.0127,  0.0000, -0.0301, -0.0320,
         0.0000, -0.0007,  0.1016,  0.0000,  0.0616,  0.0471,  0.0000, -0.0609,
        -0.1487,  0.0000, -0.0067,  0.0011,  0.0015], device='cuda:0')
tensor([-9.9861e-01, -9.7982e-04,  0.0000e+00,  9.9912e-01, -2.3440e-04,
         0.0000e+00, -5.0441e-04,  1.2142e-03,  0.0000e+00,  3.4714e-01,
         5.3013e-01,  0.0000e+00,  3.4608e-01,  5.3307e-01,  0.0000e+00,
        -6.9322e-01, -1.0632e+00,  0.0000e+00,  3.5000e+01,  3.5000e+01,
         3.5000e+01], device='cuda:0', grad_fn=<SubBackward0>)
Epoch:14

Index: 1050
100, 0.0001: 
tensor([-9.9893e-01, -7.4325e-04,  0.0000e+00,  9.9957e-01, -2.9102e-04,
         0.0000e+00, -6.3392e-04,  1.0343e-03,  0.0000e+00,  3.4715e-01,
         5.3068e-01,  0.0000e+00,  3.4640e-01,  5.3330e-01,  0.0000e+00,
        -6.9354e-01, -1.0640e+00,  0.0000e+00,  3.5000e+01,  3.5000e+01,
         3.5000e+01], device='cuda:0', grad_fn=<SubBackward0>)

Index: 1005

tensor(0.0016, device='cuda:0', grad_fn=<MseLossBackward0>)
tensor([ 7.1210e-03, -4.0473e-04,  0.0000e+00, -8.1067e-04,  4.7226e-03,
         0.0000e+00, -6.3103e-03, -4.3178e-03,  0.0000e+00, -1.7189e-03,
         5.6033e-03,  0.0000e+00,  7.9140e-03, -1.1227e-03,  0.0000e+00,
        -6.1922e-03, -4.4774e-03,  0.0000e+00,  2.1117e-05, -1.5832e-03,
         1.5429e-03], device='cuda:0')
tensor([-9.9232e-01, -6.3557e-03,  0.0000e+00,  9.8709e-01, -2.0787e-03,
         0.0000e+00,  5.2308e-03,  8.4345e-03,  0.0000e+00,  3.4827e-01,
         5.1322e-01,  0.0000e+00,  3.3395e-01,  5.2974e-01,  0.0000e+00,
        -6.8223e-01, -1.0430e+00,  0.0000e+00,  3.5001e+01,  3.5000e+01,
         3.5000e+01], device='cuda:0', grad_fn=<SubBackward0>)
Epoch:534


MSE just one period:
Index: 1004

tensor(0.0073, device='cuda:0', grad_fn=<AddBackward0>)
tensor([ 0.0251, -0.0156,  0.0000,  0.0010,  0.0285,  0.0000, -0.0261, -0.0128,
         0.0000, -0.0015,  0.0057,  0.0000,  0.0287, -0.0071,  0.0000, -0.0269,
         0.0017,  0.0000,  0.0016, -0.0081,  0.0067], device='cuda:0')
tensor([-9.9826e-01, -6.1122e-03,  0.0000e+00,  9.8489e-01, -9.0490e-03,
         0.0000e+00,  1.3376e-02,  1.5161e-02,  0.0000e+00,  3.5239e-01,
         5.0795e-01,  0.0000e+00,  3.2384e-01,  5.3286e-01,  0.0000e+00,
        -6.7628e-01, -1.0409e+00,  0.0000e+00,  3.5001e+01,  3.5002e+01,
         3.4998e+01], device='cuda:0', grad_fn=<SubBackward0>)
Epoch:270

Index: 1004

1000, 0.0001: 
tensor([-1.0003e+00,  1.7547e-04,  0.0000e+00,  9.9942e-01,  3.7990e-04,
         0.0000e+00,  8.8568e-04, -5.5537e-04,  0.0000e+00,  3.4725e-01,
         5.3316e-01,  0.0000e+00,  3.4721e-01,  5.3146e-01,  0.0000e+00,
        -6.9404e-01, -1.0655e+00,  0.0000e+00,  3.5707e+01,  3.5707e+01,
         3.5707e+01], device='cuda:0', grad_fn=<SubBackward0>)
1000, 1e-05: 
tensor([-1.0089e+00, -5.6179e-03,  0.0000e+00,  1.0044e+00,  1.7051e-05,
         0.0000e+00,  4.5403e-03,  5.6008e-03,  0.0000e+00,  3.4644e-01,
         5.2207e-01,  0.0000e+00,  3.3618e-01,  5.3151e-01,  0.0000e+00,
        -6.9760e-01, -1.0590e+00,  0.0000e+00,  3.5708e+01,  3.5706e+01,
         3.5706e+01], device='cuda:0', grad_fn=<SubBackward0>)

10, 1e-06: 
tensor([-9.9988e-01, -5.0256e-05,  0.0000e+00,  1.0000e+00, -5.7994e-05,
         0.0000e+00, -1.4517e-04,  1.0825e-04,  0.0000e+00,  3.4708e-01,
         5.3256e-01,  0.0000e+00,  3.4707e-01,  5.3288e-01,  0.0000e+00,
        -6.9420e-01, -1.0653e+00,  0.0000e+00,  3.5707e+01,  3.5707e+01,
         3.5707e+01], requires_grad=True)
10, 1e-06: 
tensor([-9.9986e-01, -6.7734e-05,  0.0000e+00,  1.0000e+00, -7.8124e-05,
         0.0000e+00, -1.9754e-04,  1.4586e-04,  0.0000e+00,  3.4707e-01,
         5.3251e-01,  0.0000e+00,  3.4706e-01,  5.3294e-01,  0.0000e+00,
        -6.9421e-01, -1.0653e+00,  0.0000e+00,  3.5707e+01,  3.5707e+01,
         3.5707e+01], requires_grad=True)
5, 1e-06: 
tensor([-1.0000,  0.0000,  0.0000,  1.0000,  0.0000,  0.0000,  0.0000,  0.0000,
         0.0000,  0.3471,  0.5327,  0.0000,  0.3471,  0.5327,  0.0000, -0.6942,
        -1.0655,  0.0000, 35.7071, 35.7071, 35.7071], requires_grad=True)
5, 1e-06: 
tensor([-9.9998e-01, -1.7274e-05,  0.0000e+00,  1.0000e+00, -1.9554e-05,
         0.0000e+00, -5.1331e-05,  3.6828e-05,  0.0000e+00,  3.4710e-01,
         5.3268e-01,  0.0000e+00,  3.4710e-01,  5.3279e-01,  0.0000e+00,
        -6.9423e-01, -1.0654e+00,  0.0000e+00,  3.5707e+01,  3.5707e+01,
         3.5707e+01], requires_grad=True)
3, 1e-06: 
tensor([-1.0000,  0.0000,  0.0000,  1.0000,  0.0000,  0.0000,  0.0000,  0.0000,
         0.0000,  0.3471,  0.5327,  0.0000,  0.3471,  0.5327,  0.0000, -0.6942,
        -1.0655,  0.0000, 35.7071, 35.7071, 35.7071], requires_grad=True)
3, 1e-06: 
tensor([-9.9998e-01, -1.7274e-05,  0.0000e+00,  1.0000e+00, -1.9554e-05,
         0.0000e+00, -5.1331e-05,  3.6828e-05,  0.0000e+00,  3.4710e-01,
         5.3268e-01,  0.0000e+00,  3.4710e-01,  5.3279e-01,  0.0000e+00,
        -6.9423e-01, -1.0654e+00,  0.0000e+00,  3.5707e+01,  3.5707e+01,
         3.5707e+01], requires_grad=True)
3, 1e-06: 
tensor([-9.9998e-01, -1.7274e-05,  0.0000e+00,  1.0000e+00, -1.9554e-05,
         0.0000e+00, -5.1331e-05,  3.6828e-05,  0.0000e+00,  3.4710e-01,
         5.3268e-01,  0.0000e+00,  3.4710e-01,  5.3279e-01,  0.0000e+00,
        -6.9423e-01, -1.0654e+00,  0.0000e+00,  3.5707e+01,  3.5707e+01,
         3.5707e+01], requires_grad=True)
3, 1e-06: 
tensor([-9.9993e-01, -6.9690e-05,  0.0000e+00,  1.0001e+00, -7.9532e-05,
         0.0000e+00, -2.0773e-04,  1.4922e-04,  0.0000e+00,  3.4708e-01,
         5.3254e-01,  0.0000e+00,  3.4707e-01,  5.3298e-01,  0.0000e+00,
        -6.9424e-01, -1.0654e+00,  0.0000e+00,  3.5707e+01,  3.5707e+01,
         3.5707e+01], device='cuda:0', grad_fn=<SubBackward0>)
3, 1e-06: 

3, 1e-06: 
tensor([-9.9993e-01, -6.9690e-05,  0.0000e+00,  1.0001e+00, -7.9532e-05,
         0.0000e+00, -2.0773e-04,  1.4922e-04,  0.0000e+00,  3.4708e-01,
         5.3254e-01,  0.0000e+00,  3.4707e-01,  5.3298e-01,  0.0000e+00,
        -6.9424e-01, -1.0654e+00,  0.0000e+00,  3.5707e+01,  3.5707e+01,
         3.5707e+01], device='cuda:0', grad_fn=<SubBackward0>)
3, 1e-06: 
tensor([-9.9993e-01, -6.9690e-05,  0.0000e+00,  1.0001e+00, -7.9532e-05,
         0.0000e+00, -2.0773e-04,  1.4922e-04,  0.0000e+00,  3.4708e-01,
         5.3254e-01,  0.0000e+00,  3.4707e-01,  5.3298e-01,  0.0000e+00,
        -6.9424e-01, -1.0654e+00,  0.0000e+00,  3.5707e+01,  3.5707e+01,
         3.5707e+01], device='cuda:0', grad_fn=<SubBackward0>)
3, 1e-06: 
tensor([-1.0004e+00, -8.1702e-04,  0.0000e+00,  1.0008e+00, -1.7325e-04,
         0.0000e+00, -4.3645e-04,  9.9028e-04,  0.0000e+00,  3.4655e-01,
         5.3129e-01,  0.0000e+00,  3.4574e-01,  5.3367e-01,  0.0000e+00,
        -6.9474e-01, -1.0640e+00,  0.0000e+00,  3.5707e+01,  3.5707e+01,
         3.5707e+01], device='cuda:0', grad_fn=<SubBackward0>)
1000, 1e-05: 
tensor([-1.0089e+00, -5.6278e-03,  0.0000e+00,  1.0043e+00, -2.1155e-06,
         0.0000e+00,  4.5193e-03,  5.6299e-03,  0.0000e+00,  3.4643e-01,
         5.2202e-01,  0.0000e+00,  3.3615e-01,  5.3153e-01,  0.0000e+00,
        -6.9759e-01, -1.0589e+00,  0.0000e+00,  3.5708e+01,  3.5706e+01,
         3.5706e+01], device='cuda:0', grad_fn=<SubBackward0>)
300, 1e-05: 
tensor([-1.0089e+00, -5.6278e-03,  0.0000e+00,  1.0043e+00, -2.1155e-06,
         0.0000e+00,  4.5193e-03,  5.6299e-03,  0.0000e+00,  3.4643e-01,
         5.2202e-01,  0.0000e+00,  3.3615e-01,  5.3153e-01,  0.0000e+00,
        -6.9759e-01, -1.0589e+00,  0.0000e+00,  3.5708e+01,  3.5706e+01,
         3.5706e+01], requires_grad=True)
500, 1e-05: 
tensor([-1.0040e+00, -3.0816e-03,  0.0000e+00,  1.0025e+00,  1.3581e-04,
         0.0000e+00,  1.5363e-03,  2.9458e-03,  0.0000e+00,  3.4555e-01,
         5.2774e-01,  0.0000e+00,  3.4089e-01,  5.3317e-01,  0.0000e+00,
        -6.9651e-01, -1.0603e+00,  0.0000e+00,  3.5708e+01,  3.5707e+01,
         3.5707e+01], requires_grad=True)
5, 1e-05: 
tensor([-9.9990e-01, -1.0500e-04,  0.0000e+00,  1.0002e+00, -1.2034e-04,
         0.0000e+00, -3.1344e-04,  2.2535e-04,  0.0000e+00,  3.4707e-01,
         5.3244e-01,  0.0000e+00,  3.4704e-01,  5.3310e-01,  0.0000e+00,
        -6.9426e-01, -1.0654e+00,  0.0000e+00,  3.5707e+01,  3.5707e+01,
         3.5707e+01], requires_grad=True)
5, 1e-05: 
tensor([-9.9990e-01, -1.0500e-04,  0.0000e+00,  1.0002e+00, -1.2034e-04,
         0.0000e+00, -3.1344e-04,  2.2535e-04,  0.0000e+00,  3.4707e-01,
         5.3244e-01,  0.0000e+00,  3.4704e-01,  5.3310e-01,  0.0000e+00,
        -6.9426e-01, -1.0654e+00,  0.0000e+00,  3.5707e+01,  3.5707e+01,
         3.5707e+01], requires_grad=True)
5, 1e-05: 
tensor([-9.9990e-01, -1.0500e-04,  0.0000e+00,  1.0002e+00, -1.2034e-04,
         0.0000e+00, -3.1344e-04,  2.2535e-04,  0.0000e+00,  3.4707e-01,
         5.3244e-01,  0.0000e+00,  3.4704e-01,  5.3310e-01,  0.0000e+00,
        -6.9426e-01, -1.0654e+00,  0.0000e+00,  3.5707e+01,  3.5707e+01,
         3.5707e+01], requires_grad=True)
500, 1e-05: 
tensor([-1.0040e+00, -3.0816e-03,  0.0000e+00,  1.0025e+00,  1.3581e-04,
         0.0000e+00,  1.5363e-03,  2.9458e-03,  0.0000e+00,  3.4555e-01,
         5.2774e-01,  0.0000e+00,  3.4089e-01,  5.3317e-01,  0.0000e+00,
        -6.9651e-01, -1.0603e+00,  0.0000e+00,  3.5708e+01,  3.5707e+01,
         3.5707e+01], requires_grad=True)
5, 1e-05: 
tensor([-9.9990e-01, -1.0500e-04,  0.0000e+00,  1.0002e+00, -1.2034e-04,
         0.0000e+00, -3.1344e-04,  2.2535e-04,  0.0000e+00,  3.4707e-01,
         5.3244e-01,  0.0000e+00,  3.4704e-01,  5.3310e-01,  0.0000e+00,
        -6.9426e-01, -1.0654e+00,  0.0000e+00,  3.5707e+01,  3.5707e+01,
         3.5707e+01], requires_grad=True)
5, 1e-05: 
tensor([-9.9990e-01, -1.0500e-04,  0.0000e+00,  1.0002e+00, -1.2034e-04,
         0.0000e+00, -3.1344e-04,  2.2535e-04,  0.0000e+00,  3.4707e-01,
         5.3244e-01,  0.0000e+00,  3.4704e-01,  5.3310e-01,  0.0000e+00,
        -6.9426e-01, -1.0654e+00,  0.0000e+00,  3.5707e+01,  3.5707e+01,
         3.5707e+01], requires_grad=True)
2, 1e-05: 
tensor([-9.9995e-01, -5.2120e-05,  0.0000e+00,  1.0001e+00, -5.9319e-05,
         0.0000e+00, -1.5520e-04,  1.1144e-04,  0.0000e+00,  3.4709e-01,
         5.3259e-01,  0.0000e+00,  3.4708e-01,  5.3291e-01,  0.0000e+00,
        -6.9424e-01, -1.0654e+00,  0.0000e+00,  3.5707e+01,  3.5707e+01,
         3.5707e+01], requires_grad=True)
2, 1e-05: 
tensor([-9.9995e-01, -5.2120e-05,  0.0000e+00,  1.0001e+00, -5.9319e-05,
         0.0000e+00, -1.5520e-04,  1.1144e-04,  0.0000e+00,  3.4709e-01,
         5.3259e-01,  0.0000e+00,  3.4708e-01,  5.3291e-01,  0.0000e+00,
        -6.9424e-01, -1.0654e+00,  0.0000e+00,  3.5707e+01,  3.5707e+01,
         3.5707e+01], requires_grad=True)
2, 1e-05: 
tensor([-9.9995e-01, -5.2120e-05,  0.0000e+00,  1.0001e+00, -5.9319e-05,
         0.0000e+00, -1.5520e-04,  1.1144e-04,  0.0000e+00,  3.4709e-01,
         5.3259e-01,  0.0000e+00,  3.4708e-01,  5.3291e-01,  0.0000e+00,
        -6.9424e-01, -1.0654e+00,  0.0000e+00,  3.5707e+01,  3.5707e+01,
         3.5707e+01], requires_grad=True)
20, 1e-05: 
tensor([-9.9968e-01, -3.2030e-04,  0.0000e+00,  1.0005e+00, -3.2561e-04,
         0.0000e+00, -8.0579e-04,  6.4591e-04,  0.0000e+00,  3.4696e-01,
         5.3184e-01,  0.0000e+00,  3.4682e-01,  5.3370e-01,  0.0000e+00,
        -6.9429e-01, -1.0652e+00,  0.0000e+00,  3.5707e+01,  3.5707e+01,
         3.5707e+01], requires_grad=True)
20, 1e-05: 
tensor([-9.9968e-01, -3.2030e-04,  0.0000e+00,  1.0005e+00, -3.2561e-04,
         0.0000e+00, -8.0579e-04,  6.4591e-04,  0.0000e+00,  3.4696e-01,
         5.3184e-01,  0.0000e+00,  3.4682e-01,  5.3370e-01,  0.0000e+00,
        -6.9429e-01, -1.0652e+00,  0.0000e+00,  3.5707e+01,  3.5707e+01,
         3.5707e+01], requires_grad=True)
1000, 0.0001: 
tensor([-9.8491e-01,  9.6172e-03,  0.0000e+00,  9.8039e-01, -1.6034e-02,
         0.0000e+00,  4.5150e-03,  6.4169e-03,  0.0000e+00,  3.4110e-01,
         5.2244e-01,  0.0000e+00,  3.3024e-01,  5.2970e-01,  0.0000e+00,
        -6.7745e-01, -1.0623e+00,  0.0000e+00,  3.5703e+01,  3.5715e+01,
         3.5704e+01], requires_grad=True)
1000, 4e-05: 
tensor([-1.0054e+00,  1.5448e-04,  0.0000e+00,  9.9720e-01, -6.9657e-03,
         0.0000e+00,  8.2357e-03,  6.8113e-03,  0.0000e+00,  3.4835e-01,
         5.2141e-01,  0.0000e+00,  3.3350e-01,  5.3554e-01,  0.0000e+00,
        -6.8331e-01, -1.0520e+00,  0.0000e+00,  3.5707e+01,  3.5711e+01,
         3.5704e+01], requires_grad=True)
1000, 1e-05: 
tensor([-1.0070e+00,  1.1105e-03,  0.0000e+00,  9.9748e-01, -7.5894e-03,
         0.0000e+00,  9.5395e-03,  6.4790e-03,  0.0000e+00,  3.4791e-01,
         5.2013e-01,  0.0000e+00,  3.3244e-01,  5.3536e-01,  0.0000e+00,
        -6.8149e-01, -1.0507e+00,  0.0000e+00,  3.5706e+01,  3.5712e+01,
         3.5702e+01], requires_grad=True)
500, 1e-05: 
tensor([-1.0064e+00,  2.3667e-03,  0.0000e+00,  9.9728e-01, -7.4266e-03,
         0.0000e+00,  9.1086e-03,  5.0600e-03,  0.0000e+00,  3.4699e-01,
         5.2103e-01,  0.0000e+00,  3.3373e-01,  5.3466e-01,  0.0000e+00,
        -6.8067e-01, -1.0512e+00,  0.0000e+00,  3.5706e+01,  3.5713e+01,
         3.5701e+01], requires_grad=True)
500, 1e-05: 
tensor([-1.0071e+00,  3.4293e-03,  0.0000e+00,  9.9878e-01, -7.0017e-03,
         0.0000e+00,  8.2800e-03,  3.5725e-03,  0.0000e+00,  3.4548e-01,
         5.2123e-01,  0.0000e+00,  3.3476e-01,  5.3331e-01,  0.0000e+00,
        -6.8136e-01, -1.0534e+00,  0.0000e+00,  3.5706e+01,  3.5714e+01,
         3.5700e+01], requires_grad=True)
500, 1e-05: 
tensor([ 9.8240e-01,  3.0906e-01, -3.8734e-03, -6.2880e-01, -3.9123e-01,
         2.4103e-03,  3.4641e-01,  8.8216e-01, -1.9854e-01,  3.4534e-01,
         5.1672e-01,  9.1001e-04,  3.1080e-01,  5.4594e-01,  2.5952e-03,
        -6.5122e-01, -1.0599e+00, -2.2345e-03,  3.5706e+01,  3.5713e+01,
         3.5701e+01], requires_grad=True)
500, 0.0003: 
tensor([ 1.2016e+00,  3.6680e-01, -6.1960e-02, -8.0204e-01, -4.3849e-01,
        -3.8628e-02,  3.0040e-01,  8.7170e-01, -9.9412e-02,  5.5863e-01,
         6.1459e-01, -5.8628e-03,  1.8129e-01,  5.2258e-01, -3.3537e-02,
        -5.4982e-01, -9.9128e-01,  3.1704e-02,  3.5709e+01,  3.5713e+01,
         3.5691e+01], requires_grad=True)
500, 0.00075: 
tensor([-4.6002e-01,  4.4753e-01, -6.1737e-02,  4.5206e+00,  5.6538e+00,
        -1.3682e-01, -3.3607e+00, -5.3013e+00, -1.4454e-03, -1.1542e+00,
        -4.2752e-01, -5.5005e-04,  4.3061e+00,  3.7100e+00,  1.1654e-04,
        -2.9997e+00, -3.1455e+00,  2.8830e-04,  3.5734e+01,  3.5711e+01,
         3.5629e+01], requires_grad=True)
500, 0.0001: 
tensor([-0.8975,  0.0985,  0.0000,  1.0961,  0.0971,  0.0000,  0.0989,  0.1019,
         0.0000,  0.3528,  0.5792,  0.0000,  0.3622,  0.5764,  0.0000, -0.6709,
        -1.0150,  0.0000,  1.0123,  1.0077,  1.0201], requires_grad=True)
15, 0.0001: 
tensor([-0.9016,  0.0984,  0.0000,  1.1016,  0.0984,  0.0000,  0.1016,  0.1016,
         0.0000,  0.3955,  0.5811,  0.0000,  0.3955,  0.5811,  0.0000, -0.6426,
        -1.0139,  0.0000,  1.0084,  1.0116,  1.0084], requires_grad=True)
25, 0.0001: 
tensor([-0.9890,  0.0096,  0.0000,  1.0096,  0.0082,  0.0000,  0.0096,  0.0110,
         0.0000,  0.3511,  0.5367,  0.0000,  0.3515,  0.5373,  0.0000, -0.6878,
        -1.0603,  0.0000,  0.9984,  1.0022,  1.0020], requires_grad=True)
25, 0.0001: 
tensor([-0.9880,  0.0086,  0.0000,  1.0090,  0.0092,  0.0000,  0.0086,  0.0116,
         0.0000,  0.3503,  0.5361,  0.0000,  0.3509,  0.5347,  0.0000, -0.6872,
        -1.0599,  0.0000,  0.9974,  1.0032,  1.0026], requires_grad=True)
10, 0.0001: 
tensor([-0.9895,  0.0101,  0.0000,  1.0089,  0.0087,  0.0000,  0.0101,  0.0105,
         0.0000,  0.3506,  0.5370,  0.0000,  0.3510,  0.5366,  0.0000, -0.6883,
        -1.0606,  0.0000,  0.9991,  1.0017,  1.0017], requires_grad=True)
10, 0.0001: 
tensor([-0.9894,  0.0100,  0.0000,  1.0084,  0.0086,  0.0000,  0.0100,  0.0106,
         0.0000,  0.3495,  0.5369,  0.0000,  0.3501,  0.5359,  0.0000, -0.6886,
        -1.0601,  0.0000,  0.9998,  1.0018,  1.0014], requires_grad=True)
10, 0.0001: 
tensor([-0.9894,  0.0100,  0.0000,  1.0084,  0.0086,  0.0000,  0.0100,  0.0106,
         0.0000,  0.3495,  0.5369,  0.0000,  0.3501,  0.5359,  0.0000, -0.6886,
        -1.0601,  0.0000,  0.9998,  1.0018,  1.0014], requires_grad=True)
10, 0.0001: 
tensor([-0.9887,  0.0097,  0.0000,  1.0081,  0.0085,  0.0000,  0.0099,  0.0109,
         0.0000,  0.3484,  0.5362,  0.0000,  0.3490,  0.5358,  0.0000, -0.6885,
        -1.0592,  0.0000,  0.9999,  1.0019,  1.0011], requires_grad=True)
10, 0.0001: 
tensor([-0.9890,  0.0098,  0.0000,  1.0074,  0.0086,  0.0000,  0.0100,  0.0108,
         0.0000,  0.3473,  0.5363,  0.0000,  0.3483,  0.5351,  0.0000, -0.6884,
        -1.0591,  0.0000,  1.0000,  1.0018,  1.0020], requires_grad=True)

20, 0.0001: 
tensor([-0.9888,  0.0100,  0.0000,  1.0082,  0.0090,  0.0000,  0.0104,  0.0104,
         0.0000,  0.3475,  0.5361,  0.0000,  0.3481,  0.5353,  0.0000, -0.6888,
        -1.0589,  0.0000,  1.0000,  1.0014,  1.0008], requires_grad=True)
20, 0.0001: 
tensor([-0.9493,  0.0497,  0.0000,  1.0497,  0.0503,  0.0000,  0.0501,  0.0499,
         0.0000,  0.3550,  0.5424,  0.0000,  0.3552,  0.5420,  0.0000, -0.6847,
        -1.0550,  0.0000,  1.0009,  1.0001,  0.9993], requires_grad=True)
35, 0.0001: 
tensor([-0.9482,  0.0498,  0.0000,  1.0496,  0.0506,  0.0000,  0.0504,  0.0496,
         0.0000,  0.3535,  0.5417,  0.0000,  0.3535,  0.5415,  0.0000, -0.6848,
        -1.0551,  0.0000,  1.0000,  0.9998,  0.9992], requires_grad=True)
100, 0.001: 
tensor([-0.9510,  0.0510,  0.0000,  1.0510,  0.0510,  0.0000,  0.0510,  0.0490,
         0.0000,  0.3441,  0.5437,  0.0000,  0.3461,  0.5417,  0.0000, -0.6832,
        -1.0565,  0.0000,  0.9990,  0.9990,  1.0030], requires_grad=True)
20, 0.0001: 
tensor([-0.9560,  0.0518,  0.0000,  1.0555,  0.0522,  0.0000,  0.0515,  0.0471,
         0.0000,  0.3443,  0.5465,  0.0000,  0.3485,  0.5403,  0.0000, -0.6857,
        -1.0610,  0.0000,  0.9978,  0.9980,  0.9994], requires_grad=True)
30, 1e-05: 
tensor([-0.9498,  0.0501,  0.0000,  1.0498,  0.0501,  0.0000,  0.0500,  0.0497,
         0.0000,  0.3562,  0.5426,  0.0000,  0.3566,  0.5421,  0.0000, -0.6847,
        -1.0555,  0.0000,  1.0001,  1.0002,  1.0000], requires_grad=True)
120, 1e-05: 
tensor([-0.9497,  0.0503,  0.0000,  1.0500,  0.0504,  0.0000,  0.0497,  0.0493,
         0.0000,  0.3539,  0.5419,  0.0000,  0.3551,  0.5408,  0.0000, -0.6866,
        -1.0562,  0.0000,  0.9996,  1.0006,  1.0002], requires_grad=True)
300, 1e-05: 
tensor([-0.9485,  0.0506,  0.0000,  1.0498,  0.0513,  0.0000,  0.0486,  0.0481,
         0.0000,  0.3477,  0.5379,  0.0000,  0.3513,  0.5352,  0.0000, -0.6903,
        -1.0581,  0.0000,  0.9990,  1.0016,  1.0016], requires_grad=True)
1000, 1e-05: 
tensor([-0.9468,  0.0511,  0.0000,  1.0497,  0.0518,  0.0000,  0.0470,  0.0470,
         0.0000,  0.3444,  0.5348,  0.0000,  0.3507,  0.5311,  0.0000, -0.6915,
        -1.0605,  0.0000,  0.9998,  1.0015,  1.0022], requires_grad=True)
1000, 1e-05: 
tensor([-0.9491,  0.0501,  0.0000,  1.0503,  0.0510,  0.0000,  0.0488,  0.0489,
         0.0000,  0.3462,  0.5331,  0.0000,  0.3487,  0.5319,  0.0000, -0.6939,
        -1.0643,  0.0000], requires_grad=True)
700, 0.0001: 
tensor([-0.9490,  0.0501,  0.0000,  1.0503,  0.0510,  0.0000,  0.0488,  0.0489,
         0.0000,  0.3463,  0.5331,  0.0000,  0.3487,  0.5320,  0.0000, -0.6940,
        -1.0647,  0.0000], requires_grad=True)
50, 0.0001: 
tensor([-1.2189e+00, -5.0000e-04,  0.0000e+00,  9.9830e-01,  1.9000e-03,
         0.0000e+00,  4.3000e-03, -3.5000e-03,  0.0000e+00,  1.0000e-04,
        -1.0072e+00,  0.0000e+00,  1.0000e-04, -5.3379e-01,  0.0000e+00,
         1.0000e-04,  8.4251e-01,  0.0000e+00], requires_grad=True)
100, 0.0001: 
tensor([-1.2181e+00, -4.1000e-03,  0.0000e+00,  9.9650e-01,  3.5000e-03,
         0.0000e+00,  7.5000e-03, -1.0000e-04,  0.0000e+00, -1.0000e-04,
        -1.0068e+00,  0.0000e+00, -1.0000e-04, -5.3339e-01,  0.0000e+00,
        -1.0000e-04,  8.3870e-01,  0.0000e+00], requires_grad=True)
110, 0.0001: 
tensor([-1.1723e+00,  4.3100e-02,  0.0000e+00,  1.0471e+00,  5.7300e-02,
         0.0000e+00,  5.7500e-02,  5.5100e-02,  0.0000e+00,  1.0001e-04,
        -1.0010e+00,  0.0000e+00,  1.0001e-04, -5.2679e-01,  0.0000e+00,
         1.0001e-04,  8.4430e-01,  0.0000e+00], requires_grad=True)
100, 0.0001: 
tensor([-1.3337e+00, -4.5000e-03,  0.0000e+00,  9.9770e-01,  4.3000e-03,
         0.0000e+00,  5.9000e-03, -1.1000e-03,  0.0000e+00, -1.0000e-04,
        -8.9493e-01,  0.0000e+00, -1.0000e-04, -2.7951e-01,  0.0000e+00,
        -1.0000e-04,  1.1835e+00,  0.0000e+00], requires_grad=True)
100, 0.0001: 
tensor([-1.2849e+00,  4.1700e-02,  0.0000e+00,  1.0463e+00,  5.7300e-02,
         0.0000e+00,  5.6300e-02,  5.4900e-02,  0.0000e+00,  3.0001e-04,
        -8.8493e-01,  0.0000e+00,  3.0001e-04, -2.6991e-01,  0.0000e+00,
         3.0001e-04,  1.1901e+00,  0.0000e+00], requires_grad=True)
100, 0.0001: 
tensor([-1.2844e+00,  4.1800e-02,  0.0000e+00,  1.0466e+00,  5.7200e-02,
         0.0000e+00,  5.6200e-02,  5.4600e-02,  0.0000e+00,  2.0001e-04,
        -8.8443e-01,  0.0000e+00,  2.0001e-04, -2.7001e-01,  0.0000e+00,
         2.0001e-04,  1.1898e+00,  0.0000e+00], requires_grad=True)
40, 0.0001: 
tensor([-1.2845e+00,  4.1900e-02,  0.0000e+00,  1.0465e+00,  5.6900e-02,
         0.0000e+00,  5.6300e-02,  5.4500e-02,  0.0000e+00,  1.0001e-04,
        -8.8453e-01,  0.0000e+00,  1.0001e-04, -2.7011e-01,  0.0000e+00,
         1.0001e-04,  1.1897e+00,  0.0000e+00], requires_grad=True)
40, 0.0001: 
tensor([-1.6720e+00, -1.5557e-03,  0.0000e+00,  1.0449e+00,  9.9139e-02,
         0.0000e+00,  7.8262e-02,  5.7847e-02,  0.0000e+00,  3.3255e-02,
        -1.1625e+00,  0.0000e+00,  9.1222e-02,  9.5598e-01,  0.0000e+00,
         2.1672e-02,  3.7669e+00,  0.0000e+00], requires_grad=True)
40, 0.0001: 
tensor([-1.6989e+00, -1.0000e-04,  0.0000e+00,  1.0003e+00,  1.0000e-04,
         0.0000e+00, -5.0000e-04, -1.0000e-04,  0.0000e+00, -1.0000e-04,
        -1.2291e+00,  0.0000e+00,  1.0000e-04,  8.6133e-01,  0.0000e+00,
         1.0000e-04,  3.6996e+00,  0.0000e+00], requires_grad=True)
40, 0.001: 
tensor([-1.6300e+00,  3.0658e-02,  0.0000e+00,  1.0551e+00,  2.5455e-02,
         0.0000e+00,  8.4931e-02, -2.6931e-03,  0.0000e+00,  4.7152e-02,
        -1.2179e+00,  0.0000e+00,  4.1826e-02,  9.0711e-01,  0.0000e+00,
         9.6619e-02,  3.7449e+00,  0.0000e+00], requires_grad=True)
30, 0.01: 
tensor([-1.5876e+00,  3.0364e-02,  0.0000e+00,  1.0508e+00, -7.3136e-04,
         0.0000e+00,  8.5583e-02,  4.6557e-02,  0.0000e+00,  6.1887e-02,
        -1.1536e+00,  0.0000e+00,  3.3914e-02,  8.9003e-01,  0.0000e+00,
         5.1717e-02,  3.7027e+00,  0.0000e+00], requires_grad=True)
30, 0.01: 
tensor([-1.6545e+00,  4.3054e-02,  0.0000e+00,  1.0206e+00,  1.4862e-03,
         0.0000e+00,  5.5751e-02,  1.4141e-02,  0.0000e+00,  2.1916e-02,
        -1.2166e+00,  0.0000e+00, -2.8852e-03,  8.5841e-01,  0.0000e+00,
         2.7063e-02,  3.7225e+00,  0.0000e+00], requires_grad=True)
30, 0.001: 
tensor([-1.6535,  0.0361,  0.0000,  1.0256,  0.0085,  0.0000,  0.0488,  0.0071,
         0.0000,  0.0149, -1.2136,  0.0000, -0.0179,  0.8534,  0.0000,  0.0341,
         3.7295,  0.0000], requires_grad=True)
30, 0.0001: 
tensor([-1.6546,  0.0350,  0.0000,  1.0267,  0.0096,  0.0000,  0.0477,  0.0060,
         0.0000,  0.0138, -1.2147,  0.0000, -0.0150,  0.8563,  0.0000,  0.0352,
         3.7306,  0.0000], requires_grad=True)
30, 0.0001: 
tensor([-1.6546,  0.0350,  0.0000,  1.0267,  0.0096,  0.0000,  0.0477,  0.0060,
         0.0000,  0.0138, -1.2147,  0.0000, -0.0150,  0.8563,  0.0000,  0.0352,
         3.7306,  0.0000], requires_grad=True)
10, 0.0001: 
tensor([-9.9910e-01,  7.0000e-04,  0.0000e+00,  1.0011e+00, -1.1000e-03,
         0.0000e+00, -1.1000e-03,  1.1000e-03,  0.0000e+00,  2.8582e-01,
         7.8085e-02,  0.0000e+00,  2.8802e-01,  8.0285e-02,  0.0000e+00,
        -1.1480e+00, -3.1784e-01,  0.0000e+00], requires_grad=True)
10, 0.0001: 
tensor([-9.9990e-01, -1.0000e-04,  0.0000e+00,  9.9990e-01,  1.0000e-04,
         0.0000e+00, -1.0000e-04,  1.0000e-04,  0.0000e+00,  2.3734e-01,
         2.5359e-01,  0.0000e+00,  2.3734e-01,  2.5379e-01,  0.0000e+00,
        -9.4965e-01, -1.0147e+00,  0.0000e+00], requires_grad=True)
100, 0.0001: 
tensor([-0.9346,  0.0363,  0.0000,  1.0094,  0.0740,  0.0000,  0.0098,  0.0147,
         0.0000,  0.3436,  0.2401,  0.0000,  0.2140,  0.2311,  0.0000, -0.8934,
        -1.0866,  0.0000], requires_grad=True)
30, 0.0001: 
tensor([-0.9919,  0.0088,  0.0000,  0.9975,  0.0069,  0.0000, -0.0069, -0.0107,
         0.0000,  0.2338,  0.2597,  0.0000,  0.2370,  0.2520,  0.0000, -0.9539,
        -1.0119,  0.0000], requires_grad=True)
70, 0.0001: 
tensor([-1.0054,  0.0085,  0.0000,  0.9884, -0.0157,  0.0000,  0.0194, -0.0013,
         0.0000,  0.2363,  0.2543,  0.0000,  0.2334,  0.2554,  0.0000, -0.9404,
        -1.0096,  0.0000], requires_grad=True)
90, 0.0001: 
tensor([-1.0028e+00,  6.7000e-03,  0.0000e+00,  9.8920e-01, -1.0300e-02,
         0.0000e+00,  1.7600e-02, -3.0001e-04,  0.0000e+00,  2.3330e-01,
         2.4970e-01,  0.0000e+00,  2.3780e-01,  2.5440e-01,  0.0000e+00,
        -9.3640e-01, -1.0068e+00,  0.0000e+00], requires_grad=True)
90, 0.0001: 
tensor([-1.0049e+00,  3.3808e-03,  0.0000e+00,  9.8769e-01, -6.4168e-03,
         0.0000e+00, -1.3136e-03, -1.1250e-04,  0.0000e+00,  4.2039e-01,
         2.5163e-01,  0.0000e+00,  4.2830e-01,  2.5302e-01,  0.0000e+00,
        -1.1296e+00, -6.7491e-01,  0.0000e+00], requires_grad=True)
tensor([-0.9903,  0.0207,  0.0000,  0.9621,  0.0244,  0.0000,  0.0012,  0.0208,
         0.0000,  0.4500,  0.2409,  0.0000,  0.4061,  0.2891,  0.0000, -1.1175,
        -0.6917,  0.0000], requires_grad=True), 180, 0.0001, <class 'torch.optim.nadam.NAdam'>: 
tensor([-0.9903,  0.0207,  0.0000,  0.9621,  0.0244,  0.0000,  0.0012,  0.0208,
         0.0000,  0.4500,  0.2409,  0.0000,  0.4061,  0.2891,  0.0000, -1.1175,
        -0.6917,  0.0000], requires_grad=True)
tensor([-0.9925,  0.0181,  0.0000,  0.9627,  0.0246,  0.0000,  0.0055,  0.0223,
         0.0000,  0.4563,  0.2405,  0.0000,  0.4075,  0.2949,  0.0000, -1.1171,
        -0.6895,  0.0000], requires_grad=True), 40, 0.0001, <class 'torch.optim.radam.RAdam'>: 
tensor([-0.9925,  0.0181,  0.0000,  0.9627,  0.0246,  0.0000,  0.0055,  0.0223,
         0.0000,  0.4563,  0.2405,  0.0000,  0.4075,  0.2949,  0.0000, -1.1171,
        -0.6895,  0.0000], requires_grad=True)
tensor([-0.9937,  0.0193,  0.0000,  0.9634,  0.0237,  0.0000,  0.0061,  0.0221,
         0.0000,  0.4581,  0.2431,  0.0000,  0.4085,  0.2965,  0.0000, -1.1173,
        -0.6903,  0.0000], requires_grad=True), 40, 0.0001, <class 'torch.optim.adadelta.Adadelta'>: 
tensor([-0.9937,  0.0193,  0.0000,  0.9634,  0.0237,  0.0000,  0.0061,  0.0221,
         0.0000,  0.4581,  0.2431,  0.0000,  0.4085,  0.2965,  0.0000, -1.1173,
        -0.6903,  0.0000], requires_grad=True)
tensor([-0.9930,  0.0183,  0.0000,  0.9630,  0.0248,  0.0000,  0.0057,  0.0222,
         0.0000,  0.4572,  0.2421,  0.0000,  0.4078,  0.2955,  0.0000, -1.1169,
        -0.6894,  0.0000], requires_grad=True), 40, 0.0001, <class 'torch.optim.adagrad.Adagrad'>: 
tensor([-0.9930,  0.0183,  0.0000,  0.9630,  0.0248,  0.0000,  0.0057,  0.0222,
         0.0000,  0.4572,  0.2421,  0.0000,  0.4078,  0.2955,  0.0000, -1.1169,
        -0.6894,  0.0000], requires_grad=True)
90, 0.0001, <class 'torch.optim.nadam.NAdam'>: 
tensor([-1.8077e-01,  2.3207e-04,  0.0000e+00,  9.9974e-01, -2.3548e-04,
         0.0000e+00,  2.3470e-04, -2.3151e-04,  0.0000e+00, -2.2027e-04,
         2.1248e+00,  0.0000e+00, -2.6057e-04,  3.0853e-01,  0.0000e+00,
         2.3928e-04, -2.0193e+00,  0.0000e+00], requires_grad=True)
90, 0.0001, <class 'torch.optim.nadam.NAdam'>: 
tensor([-1.8085e-01, -5.2016e-04,  0.0000e+00,  9.9948e-01,  6.5868e-04,
         0.0000e+00, -6.8422e-04,  4.8010e-04,  0.0000e+00,  4.0948e-04,
         2.1109e+00,  0.0000e+00, -4.7348e-04,  2.9342e-01,  0.0000e+00,
        -1.9743e-04, -2.0573e+00,  0.0000e+00], requires_grad=True)
90, 0.0001, <class 'torch.optim.nadam.NAdam'>: 
tensor([-1.6057e-01,  1.3775e-03,  0.0000e+00,  1.0012e+00, -1.5020e-03,
         0.0000e+00,  1.3021e-03, -1.3633e-03,  0.0000e+00, -1.3439e-03,
         2.2747e+00,  0.0000e+00,  7.4684e-05,  3.4088e-01,  0.0000e+00,
         1.3460e-03, -2.1264e+00,  0.0000e+00], requires_grad=True)
90, 0.0001, <class 'torch.optim.nadam.NAdam'>: 
tensor([-1.3291e-01,  1.6060e-03,  0.0000e+00,  1.0002e+00, -1.3858e-03,
         0.0000e+00,  5.5243e-04, -1.6614e-03,  0.0000e+00, -3.1333e-04,
         2.5437e+00,  0.0000e+00, -1.1918e-03,  3.0788e-01,  0.0000e+00,
         1.3433e-03, -2.2650e+00,  0.0000e+00], requires_grad=True)
90, 0.0001, <class 'torch.optim.nadam.NAdam'>: 
tensor([-1.5350e-01,  1.5104e-04,  0.0000e+00,  9.9989e-01, -1.6138e-04,
         0.0000e+00,  4.0404e-04, -1.4333e-04,  0.0000e+00, -2.1571e-04,
         2.2729e+00,  0.0000e+00, -1.3297e-04,  3.8916e-01,  0.0000e+00,
         1.5687e-04, -2.2541e+00,  0.0000e+00], requires_grad=True)
90, 0.0001, <class 'torch.optim.nadam.NAdam'>: 
tensor([-1.8829e-01, -1.2272e-03,  0.0000e+00,  1.0013e+00,  1.2285e-03,
         0.0000e+00, -1.2978e-03,  1.2268e-03,  0.0000e+00,  1.2473e-03,
         2.0495e+00,  0.0000e+00,  1.1503e-03,  3.2255e-01,  0.0000e+00,
        -1.2275e-03, -1.9887e+00,  0.0000e+00], requires_grad=True)
90, 0.0001, <class 'torch.optim.nadam.NAdam'>: 
tensor([-1.4683e-01,  7.5179e-04,  0.0000e+00,  9.9879e-01, -1.1592e-03,
         0.0000e+00,  1.4350e-03, -6.6199e-04,  0.0000e+00,  1.1225e-03,
         2.3505e+00,  0.0000e+00, -9.4220e-04,  3.6359e-01,  0.0000e+00,
         1.5332e-03, -2.2809e+00,  0.0000e+00], requires_grad=True)
90, 0.0001, <class 'torch.optim.nadam.NAdam'>: 
tensor([-1.7165e-01,  2.1478e-03,  0.0000e+00,  1.0014e+00, -1.3467e-03,
         0.0000e+00,  1.8971e-03, -2.1512e-03,  0.0000e+00, -2.0933e-03,
         2.1702e+00,  0.0000e+00,  2.4053e-04,  3.5917e-01,  0.0000e+00,
         3.5764e-04, -2.1011e+00,  0.0000e+00], requires_grad=True)
90, 0.0001, <class 'torch.optim.nadam.NAdam'>: 
tensor([-1.5560e-01,  3.4598e-04,  0.0000e+00,  9.9943e-01, -5.5593e-04,
         0.0000e+00, -5.5615e-04, -2.6629e-04,  0.0000e+00,  6.8384e-04,
         2.2835e+00,  0.0000e+00, -5.8237e-04,  3.5715e-01,  0.0000e+00,
         5.8965e-04, -2.1666e+00,  0.0000e+00], requires_grad=True)
90, 0.0001, <class 'torch.optim.nadam.NAdam'>: 
tensor([-1.9854e-01,  7.4916e-04,  0.0000e+00,  1.0006e+00, -1.0475e-03,
         0.0000e+00, -1.2545e-04, -7.2506e-04,  0.0000e+00, -6.5392e-04,
         1.9860e+00,  0.0000e+00,  6.1477e-04,  3.0297e-01,  0.0000e+00,
        -5.1009e-04, -2.0253e+00,  0.0000e+00], requires_grad=True)
90, 0.0001, <class 'torch.optim.nadam.NAdam'>: 
tensor([-1.7050e-01, -1.9032e-03,  0.0000e+00,  1.0011e+00, -2.0003e-03,
         0.0000e+00, -1.5840e-03,  2.5974e-03,  0.0000e+00,  2.6362e-03,
         2.1445e+00,  0.0000e+00, -8.5521e-04,  3.7007e-01,  0.0000e+00,
         1.3179e-03, -2.0935e+00,  0.0000e+00], requires_grad=True)
90, 0.0001, <class 'torch.optim.nadam.NAdam'>: 
tensor([-1.6200e-01, -2.6339e-04,  0.0000e+00,  1.0003e+00,  2.8215e-04,
         0.0000e+00,  6.3710e-06,  2.5790e-04,  0.0000e+00, -2.9849e-04,
         2.2211e+00,  0.0000e+00,  2.8418e-04,  3.7135e-01,  0.0000e+00,
        -2.8026e-04, -2.1576e+00,  0.0000e+00], requires_grad=True)
90, 0.0001, <class 'torch.optim.nadam.NAdam'>: 
tensor([-2.2838e-01,  1.0765e-04,  0.0000e+00,  9.9973e-01, -1.1181e-04,
         0.0000e+00, -1.9327e-04, -1.0679e-04,  0.0000e+00, -9.9572e-05,
         1.7742e+00,  0.0000e+00, -1.1466e-04,  3.8045e-01,  0.0000e+00,
         1.1206e-04, -1.9020e+00,  0.0000e+00], requires_grad=True)
90, 0.0001, <class 'torch.optim.nadam.NAdam'>: 
tensor([-2.0415e-01,  2.0535e-04,  0.0000e+00,  9.9837e-01, -1.9514e-04,
         0.0000e+00, -7.5835e-04, -2.0781e-04,  0.0000e+00,  9.3435e-05,
         1.9128e+00,  0.0000e+00, -2.6502e-04,  3.7341e-01,  0.0000e+00,
         2.3949e-04, -1.9679e+00,  0.0000e+00], requires_grad=True)
90, 0.0001, <class 'torch.optim.nadam.NAdam'>: 
tensor([-2.1937e-01, -1.1571e-03,  0.0000e+00,  1.0011e+00,  1.1548e-03,
         0.0000e+00, -1.1746e-03,  1.1578e-03,  0.0000e+00,  9.3623e-04,
         1.8418e+00,  0.0000e+00,  1.0791e-03,  3.3838e-01,  0.0000e+00,
        -1.1776e-03, -1.9149e+00,  0.0000e+00], requires_grad=True)
90, 0.0001, <class 'torch.optim.nadam.NAdam'>: 
tensor([-2.2836e-01,  4.6387e-04,  0.0000e+00,  9.9932e-01, -5.0096e-04,
         0.0000e+00,  3.5291e-04, -4.5553e-04,  0.0000e+00, -3.9999e-04,
         1.7870e+00,  0.0000e+00, -5.4003e-04,  3.6584e-01,  0.0000e+00,
         5.0234e-04, -1.8963e+00,  0.0000e+00], requires_grad=True)
90, 0.0001, <class 'torch.optim.nadam.NAdam'>: 
tensor([-1.3703e-01,  5.2296e-04,  0.0000e+00,  1.0006e+00, -5.1679e-04,
         0.0000e+00, -3.1480e-04, -5.2412e-04,  0.0000e+00,  4.3690e-04,
         2.4907e+00,  0.0000e+00, -5.0519e-04,  3.2212e-01,  0.0000e+00,
         5.1233e-04, -2.2389e+00,  0.0000e+00], requires_grad=True)
90, 0.0001, <class 'torch.optim.nadam.NAdam'>: 
tensor([-1.3291e-01,  1.6060e-03,  0.0000e+00,  1.0002e+00, -1.3858e-03,
         0.0000e+00,  5.5243e-04, -1.6614e-03,  0.0000e+00, -3.1333e-04,
         2.5437e+00,  0.0000e+00, -1.1918e-03,  3.0788e-01,  0.0000e+00,
         1.3433e-03, -2.2650e+00,  0.0000e+00], requires_grad=True)
90, 0.0001, <class 'torch.optim.nadam.NAdam'>: 
tensor([-1.3331e-01, -1.3348e-04,  0.0000e+00,  9.9966e-01,  1.3538e-04,
         0.0000e+00, -1.2799e-04,  1.3325e-04,  0.0000e+00,  3.3589e-04,
         2.5316e+00,  0.0000e+00,  1.4939e-04,  3.1116e-01,  0.0000e+00,
        -1.3789e-04, -2.2594e+00,  0.0000e+00], requires_grad=True)
90, 0.0001, <class 'torch.optim.nadam.NAdam'>: 
tensor([-1.3252e-01, -9.2471e-04,  0.0000e+00,  9.9865e-01,  8.6985e-04,
         0.0000e+00, -1.7713e-03,  9.3448e-04,  0.0000e+00,  1.8104e-03,
         2.5198e+00,  0.0000e+00,  7.8438e-04,  3.1323e-01,  0.0000e+00,
        -8.3924e-04, -2.2539e+00,  0.0000e+00], requires_grad=True)
90, 0.0001, <class 'torch.optim.nadam.NAdam'>: 
tensor([-1.3595e-01, -9.4564e-04,  0.0000e+00,  9.9888e-01,  9.3306e-04,
         0.0000e+00, -9.6146e-05,  9.4818e-04,  0.0000e+00, -8.8192e-04,
         2.5052e+00,  0.0000e+00,  9.1499e-04,  3.1801e-01,  0.0000e+00,
        -9.2554e-04, -2.2445e+00,  0.0000e+00], requires_grad=True)
90, 0.0001, <class 'torch.optim.nadam.NAdam'>: 
tensor([-1.3809e-01, -6.8836e-04,  0.0000e+00,  9.9863e-01,  6.8632e-04,
         0.0000e+00,  4.8061e-04,  6.8862e-04,  0.0000e+00, -5.7984e-04,
         2.4887e+00,  0.0000e+00,  6.7541e-04,  3.2137e-01,  0.0000e+00,
        -6.8471e-04, -2.2358e+00,  0.0000e+00], requires_grad=True)
90, 0.0001, <class 'torch.optim.nadam.NAdam'>: 
tensor([-1.3707e-01,  8.8771e-04,  0.0000e+00,  1.0009e+00, -8.8739e-04,
         0.0000e+00, -8.5238e-04, -8.8771e-04,  0.0000e+00,  8.1236e-04,
         2.4840e+00,  0.0000e+00, -8.7243e-04,  3.2358e-01,  0.0000e+00,
         8.7707e-04, -2.2357e+00,  0.0000e+00], requires_grad=True)
90, 0.0001, <class 'torch.optim.nadam.NAdam'>: 
tensor([-1.3466e-01,  1.2140e-04,  0.0000e+00,  9.9972e-01, -1.3253e-04,
         0.0000e+00, -3.5697e-04, -1.1934e-04,  0.0000e+00, -5.3453e-04,
         2.5159e+00,  0.0000e+00, -1.2850e-04,  3.1652e-01,  0.0000e+00,
         1.3746e-04, -2.2512e+00,  0.0000e+00], requires_grad=True)
90, 0.0001, <class 'torch.optim.nadam.NAdam'>: 
tensor([-1.3647e-01,  4.9526e-04,  0.0000e+00,  9.9883e-01, -4.9725e-04,
         0.0000e+00, -5.3413e-04, -4.9485e-04,  0.0000e+00,  5.0684e-04,
         2.4938e+00,  0.0000e+00, -4.9996e-04,  3.2151e-01,  0.0000e+00,
         4.9852e-04, -2.2397e+00,  0.0000e+00], requires_grad=True)
90, 0.0001, <class 'torch.optim.nadam.NAdam'>: 
tensor([-1.3447e-01, -6.4735e-04,  0.0000e+00,  9.9891e-01,  6.3005e-04,
         0.0000e+00, -9.1438e-04,  6.5015e-04,  0.0000e+00,  8.6040e-04,
         2.5118e+00,  0.0000e+00,  5.8759e-04,  3.1667e-01,  0.0000e+00,
        -6.1563e-04, -2.2482e+00,  0.0000e+00], requires_grad=True)
90, 0.0001, <class 'torch.optim.nadam.NAdam'>: 
tensor([-1.3308e-01,  1.9205e-03,  0.0000e+00,  9.9866e-01, -1.9733e-03,
         0.0000e+00, -7.4406e-04, -1.9086e-03,  0.0000e+00,  5.0360e-04,
         2.5257e+00,  0.0000e+00, -1.8880e-03,  3.1455e-01,  0.0000e+00,
         1.9397e-03, -2.2561e+00,  0.0000e+00], requires_grad=True)
90, 0.0001, <class 'torch.optim.nadam.NAdam'>: 
tensor([-1.3455e-01,  1.6927e-03,  0.0000e+00,  1.0012e+00, -1.7224e-03,
         0.0000e+00, -1.1175e-03, -1.6864e-03,  0.0000e+00,  1.3983e-03,
         2.5171e+00,  0.0000e+00, -1.7595e-03,  3.1701e-01,  0.0000e+00,
         1.7413e-03, -2.2545e+00,  0.0000e+00], requires_grad=True)
90, 0.0001, <class 'torch.optim.nadam.NAdam'>: 
tensor([-1.3482e-01,  1.7122e-03,  0.0000e+00,  1.0004e+00, -1.5651e-03,
         0.0000e+00,  1.8618e-03, -1.7178e-03,  0.0000e+00,  4.3390e-05,
         2.5383e+00,  0.0000e+00, -1.1838e-03,  3.1081e-01,  0.0000e+00,
         1.5933e-03, -2.2640e+00,  0.0000e+00], requires_grad=True)
90, 0.0001, <class 'torch.optim.nadam.NAdam'>: 
tensor([-1.3629e-01, -6.9915e-04,  0.0000e+00,  9.9972e-01,  7.0197e-04,
         0.0000e+00, -8.7700e-05,  6.9855e-04,  0.0000e+00, -7.1346e-04,
         2.5016e+00,  0.0000e+00,  7.0577e-04,  3.1900e-01,  0.0000e+00,
        -7.0359e-04, -2.2436e+00,  0.0000e+00], requires_grad=True)
90, 0.0001, <class 'torch.optim.nadam.NAdam'>: 
tensor([-1.3497e-01, -9.3753e-05,  0.0000e+00,  9.9866e-01,  9.1784e-05,
         0.0000e+00, -7.3790e-04,  9.3974e-05,  0.0000e+00,  3.2292e-04,
         2.5078e+00,  0.0000e+00,  8.3944e-05,  3.1810e-01,  0.0000e+00,
        -8.9506e-05, -2.2461e+00,  0.0000e+00], requires_grad=True)
90, 0.0001, <class 'torch.optim.nadam.NAdam'>: 
tensor([-1.3692e-01, -2.5591e-04,  0.0000e+00,  9.9959e-01,  2.4991e-04,
         0.0000e+00,  2.2627e-04,  2.5711e-04,  0.0000e+00, -2.0669e-04,
         2.4979e+00,  0.0000e+00,  2.4134e-04,  3.2009e-01,  0.0000e+00,
        -2.4698e-04, -2.2415e+00,  0.0000e+00], requires_grad=True)
90, 0.0001, <class 'torch.optim.nadam.NAdam'>: 
tensor([-1.3758e-01,  5.0357e-04,  0.0000e+00,  1.0005e+00, -5.0984e-04,
         0.0000e+00, -6.3658e-04, -5.0234e-04,  0.0000e+00,  5.6270e-04,
         2.4813e+00,  0.0000e+00, -5.1981e-04,  3.2369e-01,  0.0000e+00,
         5.1411e-04, -2.2334e+00,  0.0000e+00], requires_grad=True)
90, 0.0001, <class 'torch.optim.nadam.NAdam'>: 
tensor([-1.3943e-01,  8.1921e-05,  0.0000e+00,  9.9986e-01, -7.1598e-05,
         0.0000e+00,  5.2748e-05, -8.4138e-05,  0.0000e+00,  3.7346e-05,
         2.4700e+00,  0.0000e+00, -6.2778e-05,  3.2490e-01,  0.0000e+00,
         6.7559e-05, -2.2266e+00,  0.0000e+00], requires_grad=True)
90, 0.0001, <class 'torch.optim.nadam.NAdam'>: 
tensor([-1.3830e-01,  3.6460e-04,  0.0000e+00,  1.0002e+00, -3.7399e-04,
         0.0000e+00, -5.0764e-04, -3.6272e-04,  0.0000e+00,  4.3173e-04,
         2.4754e+00,  0.0000e+00, -3.8220e-04,  3.2446e-01,  0.0000e+00,
         3.7756e-04, -2.2297e+00,  0.0000e+00], requires_grad=True)
90, 0.0001, <class 'torch.optim.nadam.NAdam'>: 
tensor([-1.3916e-01,  1.0633e-03,  0.0000e+00,  1.0000e+00, -1.0636e-03,
         0.0000e+00, -1.0654e-03, -1.0632e-03,  0.0000e+00,  1.0629e-03,
         2.4603e+00,  0.0000e+00, -1.0633e-03,  3.2702e-01,  0.0000e+00,
         1.0635e-03, -2.2200e+00,  0.0000e+00], requires_grad=True)
90, 0.0001, <class 'torch.optim.nadam.NAdam'>: 
tensor([-1.4055e-01, -1.4923e-04,  0.0000e+00,  1.0008e+00,  1.3104e-04,
         0.0000e+00,  4.2484e-05,  1.5311e-04,  0.0000e+00, -1.6733e-04,
         2.4586e+00,  0.0000e+00,  1.6230e-04,  3.2618e-01,  0.0000e+00,
        -1.4508e-04, -2.2202e+00,  0.0000e+00], requires_grad=True)
90, 0.0001, <class 'torch.optim.nadam.NAdam'>: 
tensor([-1.4211e-01, -1.7557e-03,  0.0000e+00,  1.0028e+00,  1.7141e-03,
         0.0000e+00,  1.3117e-03,  1.7645e-03,  0.0000e+00, -1.6523e-03,
         2.4572e+00,  0.0000e+00,  1.7406e-03,  3.2504e-01,  0.0000e+00,
        -1.7250e-03, -2.2175e+00,  0.0000e+00], requires_grad=True)
90, 0.0001, <class 'torch.optim.nadam.NAdam'>: 
tensor([-1.3964e-01,  1.0128e-03,  0.0000e+00,  1.0006e+00, -1.2418e-03,
         0.0000e+00, -1.9831e-03, -9.6592e-04,  0.0000e+00,  1.2011e-03,
         2.4457e+00,  0.0000e+00, -1.0317e-03,  3.2896e-01,  0.0000e+00,
         1.1012e-03, -2.2104e+00,  0.0000e+00], requires_grad=True)
90, 0.0001, <class 'torch.optim.nadam.NAdam'>: 
tensor([-1.3929e-01, -1.3609e-03,  0.0000e+00,  9.9848e-01,  1.3515e-03,
         0.0000e+00,  9.4741e-04,  1.3628e-03,  0.0000e+00, -1.3215e-03,
         2.4801e+00,  0.0000e+00,  1.3515e-03,  3.2232e-01,  0.0000e+00,
        -1.3532e-03, -2.2297e+00,  0.0000e+00], requires_grad=True)
90, 0.0001, <class 'torch.optim.nadam.NAdam'>: 
tensor([-1.3924e-01, -2.0073e-04,  0.0000e+00,  9.9995e-01,  1.7515e-04,
         0.0000e+00,  1.3962e-04,  2.0614e-04,  0.0000e+00, -1.6999e-04,
         2.4730e+00,  0.0000e+00,  2.1321e-04,  3.2426e-01,  0.0000e+00,
        -1.8775e-04, -2.2265e+00,  0.0000e+00], requires_grad=True)
90, 0.0001, <class 'torch.optim.nadam.NAdam'>: 
tensor([-1.3997e-01, -5.1580e-05,  0.0000e+00,  1.0008e+00,  5.2831e-05,
         0.0000e+00,  1.9954e-05,  5.1320e-05,  0.0000e+00, -9.1320e-05,
         2.4642e+00,  0.0000e+00,  6.5639e-05,  3.2557e-01,  0.0000e+00,
        -5.8147e-05, -2.2231e+00,  0.0000e+00], requires_grad=True)
90, 0.0001, <class 'torch.optim.nadam.NAdam'>: 
tensor([-1.4175e-01, -5.5334e-04,  0.0000e+00,  1.0015e+00,  5.6018e-04,
         0.0000e+00,  4.0923e-04,  5.5176e-04,  0.0000e+00, -7.0239e-04,
         2.4507e+00,  0.0000e+00,  6.2381e-04,  3.2668e-01,  0.0000e+00,
        -5.8470e-04, -2.2146e+00,  0.0000e+00], requires_grad=True)
90, 0.0001, <class 'torch.optim.nadam.NAdam'>: 
tensor([-1.4015e-01,  6.5563e-04,  0.0000e+00,  1.0023e+00, -9.7706e-04,
         0.0000e+00, -1.7473e-03, -5.7872e-04,  0.0000e+00,  1.1777e-03,
         2.4432e+00,  0.0000e+00, -7.5720e-04,  3.2903e-01,  0.0000e+00,
         9.1368e-04, -2.2090e+00,  0.0000e+00], requires_grad=True)
90, 0.0001, <class 'torch.optim.nadam.NAdam'>: 
tensor([-1.4037e-01,  8.1468e-04,  0.0000e+00,  1.0009e+00, -1.1814e-03,
         0.0000e+00, -1.7892e-03, -7.2597e-04,  0.0000e+00,  1.5509e-03,
         2.4404e+00,  0.0000e+00, -9.8771e-04,  3.2934e-01,  0.0000e+00,
         1.1643e-03, -2.2074e+00,  0.0000e+00], requires_grad=True)
90, 0.0001, <class 'torch.optim.nadam.NAdam'>: 
tensor([-1.4019e-01,  7.0119e-04,  0.0000e+00,  9.9965e-01, -7.7580e-04,
         0.0000e+00, -8.7271e-04, -6.8418e-04,  0.0000e+00,  9.2756e-04,
         2.4521e+00,  0.0000e+00, -7.4543e-04,  3.2767e-01,  0.0000e+00,
         7.7139e-04, -2.2150e+00,  0.0000e+00], requires_grad=True)
90, 0.0001, <class 'torch.optim.nadam.NAdam'>: 
tensor([-1.3917e-01,  3.8955e-04,  0.0000e+00,  9.9947e-01, -4.0621e-04,
         0.0000e+00, -4.9775e-04, -3.8601e-04,  0.0000e+00,  4.1837e-04,
         2.4666e+00,  0.0000e+00, -3.9323e-04,  3.2569e-01,  0.0000e+00,
         4.0112e-04, -2.2234e+00,  0.0000e+00], requires_grad=True)
90, 0.0001, <class 'torch.optim.nadam.NAdam'>: 
tensor([-1.6849e-01, -3.5285e-04,  0.0000e+00,  9.9993e-01,  2.7252e-04,
         0.0000e+00, -2.2620e-04,  3.6266e-04,  0.0000e+00,  2.4972e-04,
         2.1837e+00,  0.0000e+00,  4.4022e-04,  3.5363e-01,  0.0000e+00,
        -6.6006e-04, -2.0926e+00,  0.0000e+00], requires_grad=True)
90, 0.0001, <class 'torch.optim.nadam.NAdam'>: 
tensor([-1.8341e-01, -2.7724e-04,  0.0000e+00,  9.9940e-01,  4.1711e-04,
         0.0000e+00, -3.8642e-04,  2.8704e-04,  0.0000e+00,  2.7266e-04,
         2.0987e+00,  0.0000e+00, -4.4214e-04,  2.9997e-01,  0.0000e+00,
        -3.0946e-04, -2.0267e+00,  0.0000e+00], requires_grad=True)
90, 0.0001, <class 'torch.optim.nadam.NAdam'>: 
tensor([-1.4015e-01,  6.5563e-04,  0.0000e+00,  1.0023e+00, -9.7706e-04,
         0.0000e+00, -1.7473e-03, -5.7872e-04,  0.0000e+00,  1.1777e-03,
         2.4432e+00,  0.0000e+00, -7.5720e-04,  3.2903e-01,  0.0000e+00,
         9.1368e-04, -2.2090e+00,  0.0000e+00], requires_grad=True)
90, 0.0001, <class 'torch.optim.nadam.NAdam'>: 
tensor([-3.2564e-01, -1.2589e-03,  0.0000e+00,  1.0004e+00,  8.9251e-04,
         0.0000e+00, -1.1533e-03,  8.9774e-04,  0.0000e+00, -8.7018e-05,
         1.3661e+00,  0.0000e+00,  4.2516e-04,  3.8225e-01,  0.0000e+00,
        -9.8836e-04, -1.7765e+00,  0.0000e+00], requires_grad=True)
90, 0.0001, <class 'torch.optim.nadam.NAdam'>: 
tensor([-2.4483e-01, -3.6869e-03,  0.0000e+00,  1.0018e+00, -1.7529e-03,
         0.0000e+00, -3.6581e-03,  5.3302e-03,  0.0000e+00,  4.9392e-03,
         1.6203e+00,  0.0000e+00, -9.0466e-04,  4.7154e-01,  0.0000e+00,
         1.3335e-03, -1.9345e+00,  0.0000e+00], requires_grad=True)
90, 0.0001, <class 'torch.optim.nadam.NAdam'>: 
tensor([-2.2426e-01, -2.3305e-03,  0.0000e+00,  1.0028e+00, -1.2069e-03,
         0.0000e+00, -2.4489e-03,  3.4408e-03,  0.0000e+00,  3.9818e-03,
         1.7313e+00,  0.0000e+00,  6.2926e-04,  4.6693e-01,  0.0000e+00,
         1.5058e-03, -2.0019e+00,  0.0000e+00], requires_grad=True)
90, 0.0001, <class 'torch.optim.nadam.NAdam'>: 
tensor([-2.6576e-01, -4.8835e-06,  0.0000e+00,  9.9961e-01,  8.7745e-05,
         0.0000e+00,  5.3134e-04, -1.8736e-05,  0.0000e+00,  2.1992e-04,
         1.6023e+00,  0.0000e+00,  2.9566e-05,  3.7956e-01,  0.0000e+00,
         7.9568e-06, -1.8224e+00,  0.0000e+00], requires_grad=True)
90, 0.0001, <class 'torch.optim.nadam.NAdam'>: 
tensor([-2.8115e-01, -7.5739e-04,  0.0000e+00,  1.0008e+00,  7.3783e-04,
         0.0000e+00, -8.3476e-04,  7.6323e-04,  0.0000e+00,  7.9548e-04,
         1.5311e+00,  0.0000e+00,  7.1500e-04,  3.8314e-01,  0.0000e+00,
        -7.3951e-04, -1.7959e+00,  0.0000e+00], requires_grad=True)
90, 0.0001, <class 'torch.optim.nadam.NAdam'>: 
tensor([-2.0849e-01, -8.8305e-04,  0.0000e+00,  1.0003e+00,  3.3719e-04,
         0.0000e+00,  2.9832e-05,  7.0385e-05,  0.0000e+00,  3.3959e-04,
         1.8392e+00,  0.0000e+00,  4.3606e-04,  4.5118e-01,  0.0000e+00,
        -1.6290e-04, -2.0604e+00,  0.0000e+00], requires_grad=True)
90, 0.0001, <class 'torch.optim.nadam.NAdam'>: 
tensor([-2.2604e-01,  5.9806e-04,  0.0000e+00,  1.0002e+00, -6.0507e-04,
         0.0000e+00,  5.6291e-04, -5.9646e-04,  0.0000e+00, -5.8112e-04,
         1.8023e+00,  0.0000e+00, -6.1670e-04,  3.6332e-01,  0.0000e+00,
         6.0590e-04, -1.9019e+00,  0.0000e+00], requires_grad=True)
90, 0.0001, <class 'torch.optim.nadam.NAdam'>: 
tensor([-2.9740e-01,  6.8186e-04,  0.0000e+00,  9.9933e-01, -6.8039e-04,
         0.0000e+00,  6.8036e-04, -6.8241e-04,  0.0000e+00, -9.2397e-04,
         1.4764e+00,  0.0000e+00, -6.6551e-04,  3.8158e-01,  0.0000e+00,
         6.7748e-04, -1.7818e+00,  0.0000e+00], requires_grad=True)
90, 0.0001, <class 'torch.optim.nadam.NAdam'>: 
tensor([-3.5016e-01, -8.1722e-04,  0.0000e+00,  1.0012e+00,  2.4703e-04,
         0.0000e+00, -1.2281e-03,  1.0977e-03,  0.0000e+00,  3.2423e-04,
         1.2905e+00,  0.0000e+00,  1.6352e-03,  4.0830e-01,  0.0000e+00,
        -1.1625e-03, -1.7114e+00,  0.0000e+00], requires_grad=True)
90, 0.0001, <class 'torch.optim.nadam.NAdam'>: 
tensor([-2.8846e-01, -8.0967e-03,  0.0000e+00,  1.0039e+00,  1.7837e-04,
         0.0000e+00, -3.6181e-03,  8.4129e-03,  0.0000e+00,  5.2919e-03,
         1.4370e+00,  0.0000e+00,  1.7164e-03,  4.8791e-01,  0.0000e+00,
        -1.6099e-03, -1.8367e+00,  0.0000e+00], requires_grad=True)
90, 0.0001, <class 'torch.optim.nadam.NAdam'>: 
tensor([-3.7824e-01,  3.8450e-05,  0.0000e+00,  1.0025e+00,  6.4795e-05,
         0.0000e+00,  3.2470e-03, -1.3251e-04,  0.0000e+00, -2.6698e-03,
         1.1800e+00,  0.0000e+00,  2.3025e-04,  5.1082e-01,  0.0000e+00,
        -1.4507e-05, -1.7066e+00,  0.0000e+00], requires_grad=True)
90, 0.0001, <class 'torch.optim.nadam.NAdam'>: 
tensor([-0.4436, -0.0023,  0.0000,  1.0023,  0.0023,  0.0000, -0.0024,  0.0023,
         0.0000,  0.0018,  1.0598,  0.0000,  0.0023,  0.4364,  0.0000, -0.0024,
        -1.6389,  0.0000], requires_grad=True)
90, 0.0001, <class 'torch.optim.nadam.NAdam'>: 
tensor([-1.5879e-01, -6.1841e-04,  0.0000e+00,  1.0009e+00,  5.9686e-04,
         0.0000e+00,  9.7507e-05,  6.2213e-04,  0.0000e+00,  1.5443e-04,
         2.2879e+00,  0.0000e+00,  1.6321e-03,  3.3243e-01,  0.0000e+00,
        -8.3177e-04, -2.1154e+00,  0.0000e+00], requires_grad=True)
90, 0.0001, <class 'torch.optim.nadam.NAdam'>: 
tensor([-1.5233e-01,  1.7221e-04,  0.0000e+00,  9.9824e-01, -1.2488e-03,
         0.0000e+00,  1.7660e-03,  9.3964e-05,  0.0000e+00,  2.2041e-03,
         2.2946e+00,  0.0000e+00, -1.4632e-03,  3.8474e-01,  0.0000e+00,
         1.5489e-03, -2.2726e+00,  0.0000e+00], requires_grad=True)
90, 0.0001, <class 'torch.optim.nadam.NAdam'>: 
tensor([-1.6040e-01, -1.1238e-03,  0.0000e+00,  1.0012e+00,  8.2876e-04,
         0.0000e+00,  1.0090e-03,  1.2065e-03,  0.0000e+00, -6.6907e-04,
         2.2417e+00,  0.0000e+00,  8.1615e-04,  3.7154e-01,  0.0000e+00,
        -7.7407e-04, -2.1765e+00,  0.0000e+00], requires_grad=True)
90, 0.0001, <class 'torch.optim.nadam.NAdam'>: 
tensor([-2.7561e-01,  6.0975e-04,  0.0000e+00,  9.9942e-01, -5.7824e-04,
         0.0000e+00,  6.4371e-04, -6.1864e-04,  0.0000e+00, -4.4286e-04,
         1.5581e+00,  0.0000e+00, -4.9767e-04,  3.8687e-01,  0.0000e+00,
         6.5166e-04, -1.8058e+00,  0.0000e+00], requires_grad=True)
90, 0.0001, <class 'torch.optim.nadam.NAdam'>: 
tensor([-2.4529e-01, -9.6624e-05,  0.0000e+00,  1.0001e+00,  9.9547e-05,
         0.0000e+00, -1.0206e-04,  9.5594e-05,  0.0000e+00, -8.5209e-04,
         1.7052e+00,  0.0000e+00,  1.1080e-04,  3.4694e-01,  0.0000e+00,
        -1.0301e-04, -1.8731e+00,  0.0000e+00], requires_grad=True)
90, 0.0001, <class 'torch.optim.nadam.NAdam'>: 
tensor([-2.3595e-01,  7.3395e-05,  0.0000e+00,  9.9972e-01, -7.1899e-05,
         0.0000e+00, -2.7781e-04, -7.3923e-05,  0.0000e+00,  2.4427e-04,
         1.7325e+00,  0.0000e+00, -7.0395e-05,  3.8432e-01,  0.0000e+00,
         7.1651e-05, -1.8842e+00,  0.0000e+00], requires_grad=True)
90, 0.0001, <class 'torch.optim.nadam.NAdam'>: 
tensor([-2.1930e-01,  8.6651e-04,  0.0000e+00,  9.9992e-01, -9.2871e-04,
         0.0000e+00,  6.9268e-04, -8.5402e-04,  0.0000e+00, -7.9518e-04,
         1.8396e+00,  0.0000e+00, -9.8955e-04,  3.6442e-01,  0.0000e+00,
         9.1734e-04, -1.9206e+00,  0.0000e+00], requires_grad=True)
90, 0.0001, <class 'torch.optim.nadam.NAdam'>: 
tensor([-2.8802e-01, -5.3134e-04,  0.0000e+00,  1.0004e+00,  6.2173e-04,
         0.0000e+00,  1.3171e-04,  4.8764e-04,  0.0000e+00, -1.0568e-04,
         1.4817e+00,  0.0000e+00,  7.3038e-04,  4.3235e-01,  0.0000e+00,
        -5.7002e-04, -1.7991e+00,  0.0000e+00], requires_grad=True)
90, 0.0001, <class 'torch.optim.nadam.NAdam'>: 
tensor([-2.7230e-01, -6.6939e-03,  0.0000e+00,  1.0037e+00,  3.9906e-04,
         0.0000e+00, -3.9459e-03,  7.2150e-03,  0.0000e+00,  5.3461e-03,
         1.4970e+00,  0.0000e+00,  1.0582e-03,  4.8586e-01,  0.0000e+00,
        -1.5120e-03, -1.8750e+00,  0.0000e+00], requires_grad=True)
90, 0.0001, <class 'torch.optim.nadam.NAdam'>: 
tensor([-2.1046e-01, -8.6149e-05,  0.0000e+00,  1.0003e+00,  1.1252e-04,
         0.0000e+00,  4.6566e-04, -1.2111e-04,  0.0000e+00, -6.1208e-05,
         1.8284e+00,  0.0000e+00,  2.1906e-04,  4.5601e-01,  0.0000e+00,
        -9.0913e-05, -2.0625e+00,  0.0000e+00], requires_grad=True)
90, 0.0001, <class 'torch.optim.nadam.NAdam'>: 
tensor([-1.8026e-01,  6.9188e-05,  0.0000e+00,  1.0001e+00, -6.8203e-05,
         0.0000e+00, -6.5620e-05, -6.9758e-05,  0.0000e+00,  6.9474e-05,
         2.0055e+00,  0.0000e+00, -6.8151e-05,  4.8398e-01,  0.0000e+00,
         6.8741e-05, -2.2434e+00,  0.0000e+00], requires_grad=True)
90, 0.0001, <class 'torch.optim.nadam.NAdam'>: 
tensor([-2.5907e-01,  1.0630e-03,  0.0000e+00,  9.9812e-01, -1.0829e-03,
         0.0000e+00, -1.5027e-03, -1.0537e-03,  0.0000e+00, -2.8282e-04,
         1.5955e+00,  0.0000e+00, -1.0998e-03,  4.2125e-01,  0.0000e+00,
         1.0963e-03, -1.8492e+00,  0.0000e+00], requires_grad=True)
90, 0.0001, <class 'torch.optim.nadam.NAdam'>: 
tensor([-2.1217e-01, -1.4082e-04,  0.0000e+00,  9.9971e-01, -1.1147e-03,
         0.0000e+00, -1.1820e-03,  2.1987e-04,  0.0000e+00,  1.0252e-03,
         1.8046e+00,  0.0000e+00, -2.2227e-04,  4.6193e-01,  0.0000e+00,
         1.5011e-03, -2.0542e+00,  0.0000e+00], requires_grad=True)
90, 0.0001, <class 'torch.optim.nadam.NAdam'>: 
tensor([-3.1770e-01,  5.5178e-04,  0.0000e+00,  9.9965e-01, -5.4694e-04,
         0.0000e+00,  5.7924e-04, -5.5338e-04,  0.0000e+00, -5.6730e-04,
         1.3893e+00,  0.0000e+00, -5.3220e-04,  4.2067e-01,  0.0000e+00,
         5.4740e-04, -1.7417e+00,  0.0000e+00], requires_grad=True)
90, 0.0001, <class 'torch.optim.nadam.NAdam'>: 
tensor([-2.6502e-01, -5.5953e-03,  0.0000e+00,  1.0041e+00,  2.0260e-04,
         0.0000e+00, -4.7945e-03,  7.0545e-03,  0.0000e+00,  4.9470e-03,
         1.5132e+00,  0.0000e+00,  1.1442e-03,  5.0265e-01,  0.0000e+00,
        -2.3289e-04, -1.9148e+00,  0.0000e+00], requires_grad=True)
90, 1e-05, <class 'torch.optim.sgd.SGD'>: 
tensor([ 0.2552,  0.4428,  0.0000,  1.0048,  0.0033,  0.0000, -0.4619, -0.4461,
         0.0000,  0.0020,  1.9550,  0.0000,  0.0024,  0.3320,  0.0000, -0.0046,
        -1.9530,  0.0000], requires_grad=True)
90, 1e-05, <class 'torch.optim.sgd.SGD'>: 
tensor([-0.9529,  0.0961,  0.0000,  1.0231, -0.0081,  0.0000,  0.7417, -0.0880,
         0.0000, -0.0064,  2.1025,  0.0000,  0.0031,  0.3058,  0.0000,  0.0037,
        -2.1210,  0.0000], requires_grad=True)
90, 1e-05, <class 'torch.optim.sgd.SGD'>: 
tensor([ 2.3756e+00, -1.2098e+00,  0.0000e+00,  9.9617e-01,  7.3758e-04,
         0.0000e+00, -2.6420e+00,  1.2091e+00,  0.0000e+00,  2.3365e-02,
         1.5111e+00,  0.0000e+00,  3.8442e-04,  4.6347e-01,  0.0000e+00,
        -2.3821e-02, -1.8539e+00,  0.0000e+00], requires_grad=True)
90, 1e-05, <class 'torch.optim.sgd.SGD'>: 
tensor([-2.7903e-01,  1.4826e-03,  0.0000e+00,  9.9904e-01, -6.8042e-04,
         0.0000e+00, -5.1717e-03, -8.0222e-04,  0.0000e+00, -1.2647e-04,
         1.5033e+00,  0.0000e+00, -6.0327e-04,  4.1192e-01,  0.0000e+00,
         3.7368e-04, -1.7908e+00,  0.0000e+00], requires_grad=True)
90, 1e-05, <class 'torch.optim.sgd.SGD'>: 
tensor([-1.1366e+00, -4.8171e-03,  0.0000e+00,  1.0486e+00,  5.3897e-03,
         0.0000e+00,  8.7806e-01, -5.7178e-04,  0.0000e+00, -4.2558e-03,
         1.9151e+00,  0.0000e+00,  8.9890e-03,  4.4562e-01,  0.0000e+00,
        -4.5109e-03, -2.1381e+00,  0.0000e+00], requires_grad=True)
90, 1e-05, <class 'torch.optim.sgd.SGD'>: 
tensor([-5.3783e+02, -3.3972e+00,  0.0000e+00,  2.0101e+01,  3.3860e+00,
         0.0000e+00,  5.1852e+02,  1.1005e-02,  0.0000e+00, -2.4260e+00,
         5.2532e+01,  0.0000e+00,  5.2352e+00, -7.4924e+00,  0.0000e+00,
        -2.8081e+00, -4.4859e+01,  0.0000e+00], requires_grad=True)
90, 1e-05, <class 'torch.optim.sgd.SGD'>: 
tensor([-2.7736e-01,  3.3942e-03,  0.0000e+00,  1.0029e+00, -3.0356e-05,
         0.0000e+00,  6.0115e-02, -3.3638e-03,  0.0000e+00, -1.0259e-03,
         1.8816e+00,  0.0000e+00,  1.0137e-03,  3.4384e-01,  0.0000e+00,
         6.8357e-05, -1.9306e+00,  0.0000e+00], requires_grad=True)
90, 1e-05, <class 'torch.optim.sgd.SGD'>: 
tensor([-23797.3535,  10703.9102,      0.0000,   7648.8662,  -1473.3079,
             0.0000,  16149.1855,  -9230.6143,      0.0000,  -3696.2834,
          3164.2825,      0.0000,   3245.1963,  -1590.3694,      0.0000,
           451.0900,  -1573.8195,      0.0000], requires_grad=True)
90, 1e-05, <class 'torch.optim.sgd.SGD'>: 
tensor([-3.5348e-01,  7.5149e-04,  0.0000e+00,  1.0008e+00, -5.6420e-04,
         0.0000e+00, -7.6887e-03, -1.8729e-04,  0.0000e+00,  2.3463e-04,
         1.2395e+00,  0.0000e+00, -3.3153e-05,  4.6478e-01,  0.0000e+00,
         6.6021e-04, -1.6889e+00,  0.0000e+00], requires_grad=True)
90, 1e-05, <class 'torch.optim.sgd.SGD'>: 
tensor([-3.6650e-01,  5.2298e-03,  0.0000e+00,  1.0019e+00, -2.2083e-03,
         0.0000e+00, -8.3988e-03, -3.0214e-03,  0.0000e+00,  1.5456e-04,
         1.1924e+00,  0.0000e+00, -1.3767e-03,  4.9003e-01,  0.0000e+00,
         2.1423e-03, -1.6825e+00,  0.0000e+00], requires_grad=True)
90, 1e-05, <class 'torch.optim.sgd.SGD'>: 
tensor([-2.1936e+00,  1.8992e-03,  0.0000e+00,  1.1349e+00,  9.0153e-03,
         0.0000e+00,  1.7836e+00, -1.0916e-02,  0.0000e+00, -1.1079e-02,
         1.7170e+00,  0.0000e+00,  1.7393e-02,  5.5687e-01,  0.0000e+00,
        -6.3733e-03, -2.2369e+00,  0.0000e+00], requires_grad=True)
90, 1e-05, <class 'torch.optim.sgd.SGD'>: 
tensor([-143.0339,   40.6366,    0.0000,  -17.9034,  -12.0785,    0.0000,
         161.5948,  -28.5582,    0.0000,   -2.8781,   35.8365,    0.0000,
          -8.0629,  -16.5398,    0.0000,   10.9411,  -19.3119,    0.0000],
       requires_grad=True)
90, 1e-05, <class 'torch.optim.sgd.SGD'>: 
tensor([-0.0270,  0.0646,  0.0000,  1.0585,  0.0243,  0.0000, -0.4387, -0.0889,
         0.0000, -0.0057,  1.0876,  0.0000,  0.0285,  0.4499,  0.0000, -0.0229,
        -1.6277,  0.0000], requires_grad=True)
90, 1e-05, <class 'torch.optim.sgd.SGD'>: 
tensor([-917.7632,  199.4126,    0.0000,  114.5245,  -59.1255,    0.0000,
         803.8290, -140.2871,    0.0000,  -31.1898,  163.5259,    0.0000,
         -26.9418,   61.3779,    0.0000,   58.1426, -224.9782,    0.0000],
       requires_grad=True)
90, 1e-05, <class 'torch.optim.sgd.SGD'>: 
tensor([-1276.3926,   345.1811,     0.0000,   -99.7077,   -97.9124,     0.0000,
         1376.7543,  -247.2660,     0.0000,   -33.4989,   300.2220,     0.0000,
          -54.7755,  -121.1996,     0.0000,    88.2749,  -178.9915,     0.0000],
       requires_grad=True)
90, 1e-05, <class 'torch.optim.sgd.SGD'>: 
tensor([-1.7774,  0.4317,  0.0000,  0.8532, -0.0627,  0.0000,  1.5583, -0.3690,
         0.0000,  0.0291,  1.2585,  0.0000, -0.0993,  0.5724,  0.0000,  0.0701,
        -1.8246,  0.0000], requires_grad=True)
90, 1e-05, <class 'torch.optim.sgd.SGD'>: 
tensor([ 25.5366,   3.2231,   0.0000,   0.3852,  -0.7269,   0.0000, -25.0842,
         -2.4963,   0.0000,   0.1191,   0.0947,   0.0000,  -0.7037,   1.2917,
          0.0000,   0.5844,  -0.9590,   0.0000], requires_grad=True)
90, 1e-05, <class 'torch.optim.sgd.SGD'>: 
tensor([-16.5321,   0.4406,   0.0000,   0.3129,  -0.1306,   0.0000,  17.0749,
         -0.3100,   0.0000,   0.1217,   2.6217,   0.0000,  -0.2806,   0.2182,
          0.0000,   0.1588,  -2.3865,   0.0000], requires_grad=True)
90, 1e-05, <class 'torch.optim.sgd.SGD'>: 
tensor([-9.3640, -1.5434,  0.0000,  0.5280, -0.0834,  0.0000,  9.6302,  1.6269,
         0.0000,  0.0815,  2.1771,  0.0000, -0.1844,  0.1948,  0.0000,  0.1027,
        -2.0687,  0.0000], requires_grad=True)
90, 1e-05, <class 'torch.optim.sgd.SGD'>: 
tensor([ 3.7895e-02,  1.8258e-02,  0.0000e+00,  9.9802e-01,  3.0479e-04,
         0.0000e+00, -2.1600e-01, -1.8562e-02,  0.0000e+00,  8.2768e-04,
         2.1220e+00,  0.0000e+00, -8.2687e-04,  3.1529e-01,  0.0000e+00,
         1.3653e-04, -2.0148e+00,  0.0000e+00], requires_grad=True)
90, 1e-05, <class 'torch.optim.sgd.SGD'>: 
tensor([ 168.4009,   12.2202,    0.0000,   -5.7905,    4.9296,    0.0000,
        -161.8978,  -17.1493,    0.0000,    3.0779,  -26.3098,    0.0000,
           0.7772,    5.4410,    0.0000,   -3.8559,   20.9826,    0.0000],
       requires_grad=True)
90, 1e-05, <class 'torch.optim.sgd.SGD'>: 
tensor([-5.1096,  0.6748,  0.0000,  0.9850, -0.1161,  0.0000,  4.9050, -0.5587,
         0.0000, -0.0405,  2.3751,  0.0000, -0.0488,  0.2386,  0.0000,  0.0895,
        -2.3323,  0.0000], requires_grad=True)
90, 1e-05, <class 'torch.optim.sgd.SGD'>: 
tensor([-6.1077e-01, -7.5934e-03,  0.0000e+00,  1.0092e+00,  6.6617e-03,
         0.0000e+00,  3.8347e-01,  9.3255e-04,  0.0000e+00, -3.0883e-03,
         1.8005e+00,  0.0000e+00,  7.4453e-03,  5.1196e-01,  0.0000e+00,
        -4.4738e-03, -2.1668e+00,  0.0000e+00], requires_grad=True)
90, 1e-05, <class 'torch.optim.sgd.SGD'>: 
tensor([-6.6087,  0.3091,  0.0000,  1.1985, -0.0313,  0.0000,  6.1793, -0.2777,
         0.0000, -0.0496,  2.3094,  0.0000,  0.0336,  0.4491,  0.0000,  0.0158,
        -2.5185,  0.0000], requires_grad=True)
90, 1e-05, <class 'torch.optim.sgd.SGD'>: 
tensor([ 0.2687, -0.1522,  0.0000,  0.9003, -0.0176,  0.0000, -0.4427,  0.1698,
         0.0000,  0.0217,  1.5551,  0.0000, -0.0404,  0.4226,  0.0000,  0.0192,
        -1.8395,  0.0000], requires_grad=True)
90, 1e-05, <class 'torch.optim.sgd.SGD'>: 
tensor([-62.7672,  13.1534,   0.0000,  -2.9757,  -4.0391,   0.0000,  66.4425,
         -9.1143,   0.0000,  -1.3707,  13.0974,   0.0000,  -2.0429,  -4.1492,
          0.0000,   3.4138,  -8.8566,   0.0000], requires_grad=True)
90, 1e-05, <class 'torch.optim.sgd.SGD'>: 
tensor([ 3.9841, -0.0059,  0.0000,  0.7893, -0.0184,  0.0000, -4.0112,  0.0243,
         0.0000,  0.0205,  1.2072,  0.0000, -0.0349,  0.5659,  0.0000,  0.0147,
        -1.6716,  0.0000], requires_grad=True)
90, 1e-05, <class 'torch.optim.sgd.SGD'>: 
tensor([-2.1129, -0.7380,  0.0000,  1.0730, -0.1141,  0.0000,  1.7391,  0.8521,
         0.0000,  0.1282,  1.2034,  0.0000, -0.1637,  1.1398,  0.0000,  0.0359,
        -2.3149,  0.0000], requires_grad=True)
90, 1e-05, <class 'torch.optim.sgd.SGD'>: 
tensor([ 55.2674, -25.4405,   0.0000, -29.9002,   1.0155,   0.0000, -24.7159,
         24.4249,   0.0000,  12.8684,  -3.2370,   0.0000, -13.4906,   1.7532,
          0.0000,   0.6221,   1.4725,   0.0000], requires_grad=True)
90, 1e-05, <class 'torch.optim.sgd.SGD'>: 
tensor([-0.9006,  0.1550,  0.0000,  0.9498, -0.0460,  0.0000,  0.5970, -0.1090,
         0.0000, -0.0156,  1.4012,  0.0000, -0.0254,  0.3924,  0.0000,  0.0412,
        -1.7713,  0.0000], requires_grad=True)
90, 1e-05, <class 'torch.optim.sgd.SGD'>: 
tensor([-4.7623e-01, -4.6192e-03,  0.0000e+00,  1.0009e+00,  2.5304e-03,
         0.0000e+00, -9.5575e-03,  2.0888e-03,  0.0000e+00,  4.6965e-04,
         9.7066e-01,  0.0000e+00,  2.3181e-03,  4.9606e-01,  0.0000e+00,
        -2.0429e-03, -1.5536e+00,  0.0000e+00], requires_grad=True)
90, 1e-05, <class 'torch.optim.sgd.SGD'>: 
tensor([-4.9444e-01,  2.9941e-03,  0.0000e+00,  1.0018e+00, -1.6640e-03,
         0.0000e+00, -9.9310e-03, -1.3301e-03,  0.0000e+00, -8.0483e-05,
         9.3354e-01,  0.0000e+00, -7.6157e-04,  5.1290e-01,  0.0000e+00,
         1.7735e-03, -1.5379e+00,  0.0000e+00], requires_grad=True)
90, 0.0001, <class 'torch.optim.nadam.NAdam'>: 
tensor([-8.4610e-01, -7.6704e-03,  0.0000e+00,  9.9835e-01, -2.4547e-03,
         0.0000e+00,  3.4750e-03,  5.7038e-03,  0.0000e+00, -3.3734e-03,
        -1.7113e+00,  0.0000e+00,  6.4704e-04, -3.1377e-01,  0.0000e+00,
        -8.4655e-04,  1.8823e+00,  0.0000e+00], requires_grad=True)
90, 0.0001, <class 'torch.optim.nadam.NAdam'>: 
tensor([-1.0514e+00, -3.5327e-03,  0.0000e+00,  9.9698e-01,  4.1056e-03,
         0.0000e+00,  5.3766e-03, -1.0602e-03,  0.0000e+00, -1.3423e-03,
        -1.2831e+00,  0.0000e+00,  1.7712e-04, -2.0929e-01,  0.0000e+00,
         8.0590e-04,  1.6769e+00,  0.0000e+00], requires_grad=True)
90, 0.0001, <class 'torch.optim.nadam.NAdam'>: 
tensor([-1.0298e+00, -4.1716e-03,  0.0000e+00,  9.9580e-01,  3.4418e-03,
         0.0000e+00,  5.7330e-03, -7.6554e-04,  0.0000e+00, -1.1109e-03,
        -1.2916e+00,  0.0000e+00,  2.4621e-04, -3.0839e-01,  0.0000e+00,
         5.5609e-04,  1.4934e+00,  0.0000e+00], requires_grad=True)
90, 0.0001, <class 'torch.optim.nadam.NAdam'>: 
tensor([-1.0820e+00, -3.2949e-03,  0.0000e+00,  9.9657e-01,  4.4455e-03,
         0.0000e+00,  5.1899e-03, -1.1869e-03,  0.0000e+00, -1.1706e-03,
        -1.2382e+00,  0.0000e+00,  4.4480e-05, -1.8021e-01,  0.0000e+00,
         7.8435e-04,  1.6885e+00,  0.0000e+00], requires_grad=True)
90, 0.0001, <class 'torch.optim.nadam.NAdam'>: 
tensor([-9.8276e-01, -4.4236e-03,  0.0000e+00,  9.9583e-01,  3.1814e-03,
         0.0000e+00,  5.7980e-03, -3.5502e-04,  0.0000e+00, -1.0895e-03,
        -1.3625e+00,  0.0000e+00,  2.3404e-04, -3.6279e-01,  0.0000e+00,
         2.7228e-04,  1.4531e+00,  0.0000e+00], requires_grad=True)
90, 0.0001, <class 'torch.optim.nadam.NAdam'>: 
tensor([-1.1339e+00, -3.0525e-03,  0.0000e+00,  9.9611e-01,  4.3120e-03,
         0.0000e+00,  5.0276e-03, -7.4329e-04,  0.0000e+00, -1.0254e-03,
        -1.1365e+00,  0.0000e+00,  1.1159e-04, -2.6385e-01,  0.0000e+00,
         8.8740e-04,  1.4338e+00,  0.0000e+00], requires_grad=True)
90, 0.0001, <class 'torch.optim.nadam.NAdam'>: 
tensor([-1.1983e+00, -3.1247e-03,  0.0000e+00,  9.9677e-01,  4.1380e-03,
         0.0000e+00,  4.9547e-03, -1.5730e-04,  0.0000e+00, -9.5776e-04,
        -1.0414e+00,  0.0000e+00, -2.0058e-05, -3.3524e-01,  0.0000e+00,
         7.4806e-04,  1.2168e+00,  0.0000e+00], requires_grad=True)
90, 0.0001, <class 'torch.optim.nadam.NAdam'>: 
tensor([-1.2734e+00, -2.9168e-03,  0.0000e+00,  9.9615e-01,  2.6844e-03,
         0.0000e+00,  4.4583e-03,  3.8067e-04,  0.0000e+00, -7.8512e-04,
        -9.5652e-01,  0.0000e+00, -2.4034e-04, -6.2353e-01,  0.0000e+00,
         2.8012e-04,  6.4393e-01,  0.0000e+00], requires_grad=True)
90, 0.0001, <class 'torch.optim.nadam.NAdam'>: 
tensor([-8.3964e-01,  3.2951e-03,  0.0000e+00,  1.0066e+00, -2.4672e-04,
         0.0000e+00,  1.4196e-02,  2.3670e-02,  0.0000e+00, -3.7674e-03,
        -1.6875e+00,  0.0000e+00,  1.2240e-03, -3.3879e-01,  0.0000e+00,
        -5.7355e-03,  1.8115e+00,  0.0000e+00], requires_grad=True)
90, 0.0001, <class 'torch.optim.nadam.NAdam'>: 
tensor([-8.4244e-01,  9.0127e-04,  0.0000e+00,  9.9641e-01, -5.0109e-03,
         0.0000e+00,  2.3458e-03,  4.1778e-03,  0.0000e+00, -7.3056e-03,
        -1.7493e+00,  0.0000e+00,  3.9122e-03, -3.7049e-01,  0.0000e+00,
        -1.2602e-02,  1.8193e+00,  0.0000e+00], requires_grad=True)
90, 0.0001, <class 'torch.optim.nadam.NAdam'>: 
tensor([-1.0286e+00, -1.5283e-02,  0.0000e+00,  1.0149e+00, -2.0251e-02,
         0.0000e+00, -1.8643e-02,  7.4722e-03,  0.0000e+00,  1.5180e-03,
        -1.2944e+00,  0.0000e+00, -4.7714e-04, -2.4610e-01,  0.0000e+00,
        -5.0215e-03,  1.6398e+00,  0.0000e+00], requires_grad=True)
90, 0.0001, <class 'torch.optim.nadam.NAdam'>: 
tensor([-1.0400e+00,  1.6676e-02,  0.0000e+00,  9.8055e-01,  6.4672e-03,
         0.0000e+00,  1.7342e-03,  1.5626e-03,  0.0000e+00, -8.6164e-03,
        -1.2972e+00,  0.0000e+00,  2.8693e-03, -2.1190e-01,  0.0000e+00,
         1.1824e-03,  1.6912e+00,  0.0000e+00], requires_grad=True)
90, 0.0001, <class 'torch.optim.nadam.NAdam'>: 
tensor([-1.1852, -0.0157,  0.0000,  0.9958,  0.0101,  0.0000,  0.0058,  0.0092,
         0.0000,  0.0054, -1.0784,  0.0000,  0.0049, -0.2693,  0.0000, -0.0063,
         1.3781,  0.0000], requires_grad=True)
90, 0.0001, <class 'torch.optim.nadam.NAdam'>: 
tensor([-1.1426e+00,  6.4145e-03,  0.0000e+00,  9.9695e-01,  5.8597e-04,
         0.0000e+00,  7.9431e-03, -4.3822e-04,  0.0000e+00, -1.3283e-02,
        -1.1084e+00,  0.0000e+00,  1.5488e-03, -4.2707e-01,  0.0000e+00,
         5.1114e-03,  1.1229e+00,  0.0000e+00], requires_grad=True)
90, 0.0001, <class 'torch.optim.nadam.NAdam'>: 
tensor([-1.0979e+00,  7.5303e-03,  0.0000e+00,  9.9040e-01,  1.1909e-02,
         0.0000e+00,  1.4714e-02, -2.5853e-03,  0.0000e+00, -2.2202e-02,
        -1.1450e+00,  0.0000e+00,  1.2782e-02, -5.4651e-01,  0.0000e+00,
        -2.0740e-04,  9.4432e-01,  0.0000e+00], requires_grad=True)
90, 0.0001, <class 'torch.optim.nadam.NAdam'>: 
tensor([-9.0247e-01, -5.1142e-03,  0.0000e+00,  9.9327e-01,  8.1911e-03,
         0.0000e+00,  1.7921e-02,  5.2209e-03,  0.0000e+00, -1.2353e-03,
        -1.5818e+00,  0.0000e+00, -1.9904e-04, -2.5560e-01,  0.0000e+00,
         2.4321e-03,  1.9119e+00,  0.0000e+00], requires_grad=True)
90, 0.0001, <class 'torch.optim.nadam.NAdam'>: 
tensor([-1.1924e+00,  6.9342e-03,  0.0000e+00,  1.0115e+00,  6.4410e-04,
         0.0000e+00, -9.6461e-03,  3.6604e-03,  0.0000e+00, -5.3497e-03,
        -1.0079e+00,  0.0000e+00, -7.4038e-04, -3.9655e-01,  0.0000e+00,
         4.7177e-03,  1.1117e+00,  0.0000e+00], requires_grad=True)
90, 0.0001, <class 'torch.optim.nadam.NAdam'>: 
tensor([-9.4170e-01, -6.3329e-03,  0.0000e+00,  9.9884e-01, -6.5951e-03,
         0.0000e+00,  6.7912e-03,  1.2436e-02,  0.0000e+00,  1.6764e-02,
        -1.5136e+00,  0.0000e+00, -4.5347e-03, -2.2642e-01,  0.0000e+00,
         1.8606e-03,  1.8812e+00,  0.0000e+00], requires_grad=True)
90, 0.0001, <class 'torch.optim.nadam.NAdam'>: 
tensor([-1.2268e+00,  1.1492e-02,  0.0000e+00,  9.9528e-01,  1.5022e-04,
         0.0000e+00, -6.5065e-03,  3.4302e-03,  0.0000e+00,  1.1237e-02,
        -9.7723e-01,  0.0000e+00, -1.0833e-02, -2.1542e-01,  0.0000e+00,
         2.8180e-03,  1.4123e+00,  0.0000e+00], requires_grad=True)
90, 0.0001, <class 'torch.optim.nadam.NAdam'>: 
tensor([-1.3129e+00,  2.3976e-04,  0.0000e+00,  1.0173e+00, -1.9474e-03,
         0.0000e+00, -1.2154e-02, -7.4187e-03,  0.0000e+00, -2.5622e-03,
        -9.0185e-01,  0.0000e+00,  1.2735e-02, -4.6702e-01,  0.0000e+00,
        -2.8095e-03,  9.0733e-01,  0.0000e+00], requires_grad=True)
90, 0.0001, <class 'torch.optim.nadam.NAdam'>: 
tensor([-1.3854,  0.0041,  0.0000,  1.0122, -0.0067,  0.0000,  0.0116, -0.0127,
         0.0000, -0.0164, -0.8849,  0.0000,  0.0055, -0.8433,  0.0000, -0.0036,
         0.2773,  0.0000], requires_grad=True)
90, 0.0001, <class 'torch.optim.nadam.NAdam'>: 
tensor([-1.1147e+00, -1.1942e-03,  0.0000e+00,  9.9473e-01, -8.1841e-03,
         0.0000e+00,  7.3007e-03, -5.5181e-03,  0.0000e+00, -5.1123e-03,
        -1.1347e+00,  0.0000e+00,  3.4592e-03, -6.0735e-01,  0.0000e+00,
        -4.2039e-04,  8.4886e-01,  0.0000e+00], requires_grad=True)
90, 0.0001, <class 'torch.optim.nadam.NAdam'>: 
tensor([-1.1226e+00,  1.3366e-03,  0.0000e+00,  1.0098e+00,  2.6540e-03,
         0.0000e+00,  2.7188e-03, -6.8295e-04,  0.0000e+00, -1.1352e-02,
        -1.1519e+00,  0.0000e+00, -1.2325e-03, -5.1280e-01,  0.0000e+00,
         4.9102e-03,  9.9492e-01,  0.0000e+00], requires_grad=True)
90, 0.0001, <class 'torch.optim.nadam.NAdam'>: 
tensor([-0.8692,  0.0048,  0.0000,  0.9894,  0.0093,  0.0000,  0.0045,  0.0140,
         0.0000,  0.0029, -1.5775,  0.0000,  0.0018, -0.4396,  0.0000, -0.0029,
         1.4672,  0.0000], requires_grad=True)
1200, 0.0001, <class 'torch.optim.nadam.NAdam'>: 
tensor([-0.9827,  0.0287,  0.0000,  0.9643,  0.0276,  0.0000, -0.0104,  0.0113,
         0.0000,  0.4276,  0.2505,  0.0000,  0.4173,  0.2735,  0.0000, -1.1202,
        -0.6950,  0.0000], requires_grad=True)